 TIME                    	Outlet20                 	Outlet60                 	
  +4.3440000000000000E+03	  +2.0000000000000000E+01	  +6.0000000000000000E+01	
  +4.3442500000000000E+03	  +1.8898810560613715E+01	  +5.1611203250588339E+01	
  +4.3445000000000000E+03	  +1.8856901253764541E+01	  +5.1559509090223443E+01	
  +4.3447500000000000E+03	  +1.8814842158762122E+01	  +5.1507741357331881E+01	
  +4.3450000000000000E+03	  +1.8772633315845088E+01	  +5.1455900061973104E+01	
  +4.3452500000000000E+03	  +1.8730274765252076E+01	  +5.1403985214206571E+01	
  +4.3455000000000000E+03	  +1.8687766547221727E+01	  +5.1351996824091735E+01	
  +4.3457500000000000E+03	  +1.8645108701992672E+01	  +5.1299934901688069E+01	
  +4.3460000000000000E+03	  +1.8602301269803547E+01	  +5.1247799457055002E+01	
  +4.3462500000000000E+03	  +1.8559344290892984E+01	  +5.1195590500252024E+01	
  +4.3465000000000000E+03	  +1.8516237805499628E+01	  +5.1143308041338571E+01	
  +4.3467500000000000E+03	  +1.8472981853862105E+01	  +5.1090952090374117E+01	
  +4.3470000000000000E+03	  +1.8429576476219058E+01	  +5.1038522657418106E+01	
  +4.3472500000000000E+03	  +1.8386021712809121E+01	  +5.0986019752530005E+01	
  +4.3475000000000000E+03	  +1.8342317603870928E+01	  +5.0933443385769252E+01	
  +4.3477500000000000E+03	  +1.8298464189643113E+01	  +5.0880793567195333E+01	
  +4.3480000000000000E+03	  +1.8254461510364315E+01	  +5.0828070306867687E+01	
  +4.3482500000000000E+03	  +1.8212871902981803E+01	  +5.0778334734966506E+01	
  +4.3485000000000000E+03	  +1.8189648559914549E+01	  +5.0750603147630450E+01	
  +4.3487500000000000E+03	  +1.8188783372526110E+01	  +5.0750603147630450E+01	
  +4.3490000000000000E+03	  +1.8211662765126505E+01	  +5.0776890160438633E+01	
  +4.3492500000000000E+03	  +1.8257087112138631E+01	  +5.0831213306191422E+01	
  +4.3495000000000000E+03	  +1.8310536148436171E+01	  +5.0895276454817960E+01	
  +4.3497500000000000E+03	  +1.8368280428221997E+01	  +5.0964664048378296E+01	
  +4.3500000000000000E+03	  +1.8428957624998013E+01	  +5.1037775918094475E+01	
  +4.3502500000000000E+03	  +1.8491703395523334E+01	  +5.1113599009444727E+01	
  +4.3505000000000000E+03	  +2.0463788388538692E+01	  +5.1193248832338419E+01	
  +4.3507500000000000E+03	  +2.0952367649156319E+01	  +5.4267403710319137E+01	
  +4.3510000000000000E+03	  +2.1584475655067557E+01	  +5.4327633370761902E+01	
  +4.3512500000000000E+03	  +2.2178796487982709E+01	  +5.4696059604520705E+01	
  +4.3515000000000000E+03	  +2.2674808505522815E+01	  +5.5224231197560314E+01	
  +4.3517500000000000E+03	  +2.3261329924309301E+01	  +5.6013265983762267E+01	
  +4.3520000000000000E+03	  +2.4188789870913752E+01	  +5.7000432798229724E+01	
  +4.3522500000000000E+03	  +2.5404134336448951E+01	  +5.8073331717611815E+01	
  +4.3525000000000000E+03	  +2.6883940714197777E+01	  +5.9384449210332114E+01	
  +4.3527500000000000E+03	  +2.8200444664772824E+01	  +6.0635964055053392E+01	
  +4.3530000000000000E+03	  +2.9403450778685354E+01	  +6.1942873636780377E+01	
  +4.3532500000000000E+03	  +3.0591426209561071E+01	  +6.3140582406047109E+01	
  +4.3535000000000000E+03	  +3.1724209544785094E+01	  +6.4291379876847003E+01	
  +4.3537500000000000E+03	  +3.2761343375734029E+01	  +6.5354962150418075E+01	
  +4.3540000000000000E+03	  +3.3688836447877080E+01	  +6.6313904526613143E+01	
  +4.3542500000000000E+03	  +3.4504161049080423E+01	  +6.7162305233141666E+01	
  +4.3545000000000000E+03	  +3.5205734631412753E+01	  +6.7896334774212221E+01	
  +4.3547500000000000E+03	  +3.5756287908741847E+01	  +6.8480211213544948E+01	
  +4.3550000000000000E+03	  +3.5989551231431790E+01	  +6.8757485355243560E+01	
  +4.3552500000000000E+03	  +3.6057711122983434E+01	  +6.8858010657402602E+01	
  +4.3555000000000000E+03	  +3.6176647381937222E+01	  +6.8989054577980667E+01	
  +4.3557500000000000E+03	  +3.6613059393562267E+01	  +6.9404062118971211E+01	
  +4.3560000000000000E+03	  +3.7604037142366458E+01	  +7.0323163303053519E+01	
  +4.3562500000000000E+03	  +3.8803912741398804E+01	  +7.1500190335481250E+01	
  +4.3565000000000000E+03	  +3.9789373642306643E+01	  +7.2525652221874751E+01	
  +4.3567500000000000E+03	  +4.0133977311730781E+01	  +7.2967388525672263E+01	
  +4.3570000000000000E+03	  +3.9735879679358440E+01	  +7.2681756911329913E+01	
  +4.3572500000000000E+03	  +3.9024177031872185E+01	  +7.2025745401684091E+01	
  +4.3575000000000000E+03	  +3.8472181769679921E+01	  +7.1463745644945391E+01	
  +4.3577500000000000E+03	  +3.8543208521375092E+01	  +7.1455340074907866E+01	
  +4.3580000000000000E+03	  +3.9345714383492172E+01	  +7.2159871284177157E+01	
  +4.3582500000000000E+03	  +4.0307078465540322E+01	  +7.3121024889219314E+01	
  +4.3585000000000000E+03	  +4.0568833548083262E+01	  +7.3483173767891245E+01	
  +4.3587500000000000E+03	  +4.0530562909267637E+01	  +7.3542052880313577E+01	
  +4.3590000000000000E+03	  +3.9947496192355587E+01	  +7.3039737564772679E+01	
  +4.3592500000000000E+03	  +3.8919609800100957E+01	  +7.2082695106131339E+01	
  +4.3595000000000000E+03	  +3.7495288702805837E+01	  +7.0724371115066447E+01	
  +4.3597500000000000E+03	  +3.5657003998187875E+01	  +6.8942504163310801E+01	
  +4.3600000000000000E+03	  +3.3388684057061873E+01	  +6.6703105042879344E+01	
  +4.3602500000000000E+03	  +3.0980497007644814E+01	  +6.4267373095590202E+01	
  +4.3605000000000000E+03	  +2.9101082868208277E+01	  +6.2322111941743763E+01	
  +4.3607500000000000E+03	  +2.7837203463843863E+01	  +6.1156534744065290E+01	
  +4.3610000000000000E+03	  +2.6839218082072122E+01	  +6.0024522435572862E+01	
  +4.3612500000000000E+03	  +2.6056404098114868E+01	  +5.9156811173130698E+01	
  +4.3615000000000000E+03	  +2.5360918400999442E+01	  +5.8406939870979599E+01	
  +4.3617500000000000E+03	  +2.4673928589164696E+01	  +5.7712643813374200E+01	
  +4.3620000000000000E+03	  +2.3878577388024691E+01	  +5.6962014137583232E+01	
  +4.3622500000000000E+03	  +2.3032202496347278E+01	  +5.6069787209737612E+01	
  +4.3625000000000000E+03	  +2.2308424155838090E+01	  +5.5144620750199941E+01	
  +4.3627500000000000E+03	  +2.0133831251796035E+01	  +5.4580948203873085E+01	
  +4.3630000000000000E+03	  +2.0096423478155785E+01	  +5.3141264977134334E+01	
  +4.3632500000000000E+03	  +2.0052588316223940E+01	  +5.3083236303330736E+01	
  +4.3635000000000000E+03	  +2.0007530896469390E+01	  +5.3023769037650901E+01	
  +4.3637500000000000E+03	  +1.9962256108308384E+01	  +5.2964195409439171E+01	
  +4.3640000000000000E+03	  +1.9916763731350493E+01	  +5.2904515056304120E+01	
  +4.3642500000000000E+03	  +1.9871054413591185E+01	  +5.2844728754500487E+01	
  +4.3645000000000000E+03	  +1.9825127643337751E+01	  +5.2784835761187047E+01	
  +4.3647500000000000E+03	  +1.9778984074109246E+01	  +5.2724836855322394E+01	
  +4.3650000000000000E+03	  +1.9732623188691136E+01	  +5.2664731291361889E+01	
  +4.3652500000000000E+03	  +1.9686045646122523E+01	  +5.2604519850967094E+01	
  +4.3655000000000000E+03	  +1.9639250923670602E+01	  +5.2544201785890856E+01	
  +4.3657500000000000E+03	  +1.9592239685890977E+01	  +5.2483777880496802E+01	
  +4.3660000000000000E+03	  +1.9545011404536112E+01	  +5.2423247383836156E+01	
  +4.3662500000000000E+03	  +1.9497066071905021E+01	  +5.2361972103315992E+01	
  +4.3665000000000000E+03	  +1.9446032764455857E+01	  +5.2296940407758427E+01	
  +4.3667500000000000E+03	  +1.9393041817504692E+01	  +5.2229618465671585E+01	
  +4.3670000000000000E+03	  +1.9339828233567207E+01	  +5.2162220028558671E+01	
  +4.3672500000000000E+03	  +1.9287813217075442E+01	  +5.2096536484082279E+01	
  +4.3675000000000000E+03	  +1.9236510465714563E+01	  +5.2031940159696980E+01	
  +4.3677500000000000E+03	  +1.9186879026234269E+01	  +5.1969623149743690E+01	
  +4.3680000000000000E+03	  +1.9140224791502110E+01	  +5.1911199018604457E+01	
  +4.3682500000000000E+03	  +1.9099184465150714E+01	  +5.1859927453450311E+01	
  +4.3685000000000000E+03	  +1.9069619422145145E+01	  +5.1823062149408635E+01	
  +4.3687500000000000E+03	  +1.9045571527361329E+01	  +5.1793119296344614E+01	
  +4.3690000000000000E+03	  +1.9019316834762446E+01	  +5.1760472409684979E+01	
  +4.3692500000000000E+03	  +1.8984559045690141E+01	  +5.1717321862573968E+01	
  +4.3695000000000000E+03	  +1.8946170111087838E+01	  +5.1669754813499011E+01	
  +4.3697500000000000E+03	  +1.8907305081985275E+01	  +5.1621694636007433E+01	
  +4.3700000000000000E+03	  +1.8870057678612223E+01	  +5.1575725268373681E+01	
  +4.3702500000000000E+03	  +1.8835890427267572E+01	  +5.1533634419714780E+01	
  +4.3705000000000000E+03	  +1.8802195259767135E+01	  +5.1492196731866144E+01	
  +4.3707500000000000E+03	  +1.8768404261509922E+01	  +5.1450711966059700E+01	
  +4.3710000000000000E+03	  +1.8734517453098064E+01	  +5.1409180127445872E+01	
  +4.3712500000000000E+03	  +1.8700534692863524E+01	  +5.1367601022799008E+01	
  +4.3715000000000000E+03	  +1.8666456325492124E+01	  +5.1325975053797286E+01	
  +4.3717500000000000E+03	  +1.8632282209772541E+01	  +5.1284302027439495E+01	
  +4.3720000000000000E+03	  +1.8598012366306897E+01	  +5.1242581948876058E+01	
  +4.3722500000000000E+03	  +1.8563646651601296E+01	  +5.1200814623983867E+01	
  +4.3725000000000000E+03	  +1.8529185084889185E+01	  +5.1159000057240448E+01	
  +4.3727500000000000E+03	  +1.8494628015421362E+01	  +5.1117138652567689E+01	
  +4.3730000000000000E+03	  +1.8459975630633007E+01	  +5.1075230615735279E+01	
  +4.3732500000000000E+03	  +1.8437258591291418E+01	  +5.1047794114642294E+01	
  +4.3735000000000000E+03	  +1.8484445006251981E+01	  +5.1104816360283806E+01	
  +4.3737500000000000E+03	  +1.8576878837674887E+01	  +5.1216888530880155E+01	
  +4.3740000000000000E+03	  +1.8676565101906064E+01	  +5.1338315411241105E+01	
  +4.3742500000000000E+03	  +1.8752152843688890E+01	  +5.1430785369990360E+01	
  +4.3745000000000000E+03	  +2.0887680018150366E+01	  +5.1511062778622730E+01	
  +4.3747500000000000E+03	  +2.1134908705607653E+01	  +5.4597290631280501E+01	
  +4.3750000000000000E+03	  +2.1548426857599459E+01	  +5.4665700925317047E+01	
  +4.3752500000000000E+03	  +2.2184285522067732E+01	  +5.5074874565516545E+01	
  +4.3755000000000000E+03	  +2.3074800354324271E+01	  +5.5676807217475776E+01	
  +4.3757500000000000E+03	  +2.4239757418712781E+01	  +5.6548129156023670E+01	
  +4.3760000000000000E+03	  +2.5695480082091461E+01	  +5.7600644565436291E+01	
  +4.3762500000000000E+03	  +2.7453179302470083E+01	  +5.8704213886011821E+01	
  +4.3765000000000000E+03	  +2.9573387489262149E+01	  +6.0039668808626608E+01	
  +4.3767500000000000E+03	  +3.1744335727848053E+01	  +6.1315939315213981E+01	
  +4.3770000000000000E+03	  +3.3509860717858672E+01	  +6.2649970339479545E+01	
  +4.3772500000000000E+03	  +3.5132321737060416E+01	  +6.3872161887383385E+01	
  +4.3775000000000000E+03	  +3.6626195885188842E+01	  +6.5041617534568800E+01	
  +4.3777500000000000E+03	  +3.8017361165996796E+01	  +6.6118904317162574E+01	
  +4.3780000000000000E+03	  +3.9290216382427026E+01	  +6.7088474577360415E+01	
  +4.3782500000000000E+03	  +4.0425536482087132E+01	  +6.7946223902941000E+01	
  +4.3785000000000000E+03	  +4.1404621273585690E+01	  +6.8689098620005808E+01	
  +4.3787500000000000E+03	  +4.2213662720178519E+01	  +6.9281761335889612E+01	
  +4.3790000000000000E+03	  +4.3312109515453628E+01	  +6.9568050169679253E+01	
  +4.3792500000000000E+03	  +4.3905960019431575E+01	  +6.9678644034796164E+01	
  +4.3795000000000000E+03	  +4.4399221943509559E+01	  +6.9821026679066790E+01	
  +4.3797500000000000E+03	  +4.4822471843405530E+01	  +7.0246936136617421E+01	
  +4.3800000000000000E+03	  +4.5196364178455838E+01	  +7.1174677808831163E+01	
  +4.3802500000000000E+03	  +4.5493756418813632E+01	  +7.2355059024283577E+01	
  +4.3805000000000000E+03	  +4.5678897662905754E+01	  +7.3376898919717448E+01	
  +4.3807500000000000E+03	  +4.5723625659892122E+01	  +7.3810862435014997E+01	
  +4.3810000000000000E+03	  +4.5617613513236378E+01	  +7.3517118733596192E+01	
  +4.3812500000000000E+03	  +4.5277388904594602E+01	  +7.2856788185280863E+01	
  +4.3815000000000000E+03	  +4.4611570093930759E+01	  +7.2292253139947832E+01	
  +4.3817500000000000E+03	  +4.3585832495874897E+01	  +7.2280630424130521E+01	
  +4.3820000000000000E+03	  +4.2445659176033509E+01	  +7.2978566042873396E+01	
  +4.3822500000000000E+03	  +4.1251484478246631E+01	  +7.3926290356658541E+01	
  +4.3825000000000000E+03	  +4.0355736609200989E+01	  +7.4265888179204154E+01	
  +4.3827500000000000E+03	  +3.9098199846919456E+01	  +7.4295355578500150E+01	
  +4.3830000000000000E+03	  +3.7848127123341541E+01	  +7.3757378258044241E+01	
  +4.3832500000000000E+03	  +3.6593113468093051E+01	  +7.2760259556291501E+01	
  +4.3835000000000000E+03	  +3.5316349802479024E+01	  +7.1361437279959134E+01	
  +4.3837500000000000E+03	  +3.4008617642591716E+01	  +6.9541086667596986E+01	
  +4.3840000000000000E+03	  +3.2697983105665784E+01	  +6.7267334942657385E+01	
  +4.3842500000000000E+03	  +3.1399798630716283E+01	  +6.4803452523560452E+01	
  +4.3845000000000000E+03	  +3.0125699778778845E+01	  +6.2836862147581918E+01	
  +4.3847500000000000E+03	  +2.8680967115730198E+01	  +6.1656269610868357E+01	
  +4.3850000000000000E+03	  +2.7425466077856164E+01	  +6.0510802739378803E+01	
  +4.3852500000000000E+03	  +2.6348433050776499E+01	  +5.9628003574927668E+01	
  +4.3855000000000000E+03	  +2.5431247943765406E+01	  +5.8861824289378553E+01	
  +4.3857500000000000E+03	  +2.4633801782486273E+01	  +5.8148066334538733E+01	
  +4.3860000000000000E+03	  +2.3928509540116259E+01	  +5.7372826990797854E+01	
  +4.3862500000000000E+03	  +2.3368990611033542E+01	  +5.6449540338369403E+01	
  +4.3865000000000000E+03	  +2.2938893724237786E+01	  +5.5488573934586043E+01	
  +4.3867500000000000E+03	  +2.0363213286750995E+01	  +5.4884478703585209E+01	
  +4.3870000000000000E+03	  +2.0308305250937803E+01	  +5.3424263488991159E+01	
  +4.3872500000000000E+03	  +2.0255884816214788E+01	  +5.3353852051817157E+01	
  +4.3875000000000000E+03	  +2.0203238825243638E+01	  +5.3283403178905829E+01	
  +4.3877500000000000E+03	  +2.0150784267976498E+01	  +5.3213470372082078E+01	
  +4.3880000000000000E+03	  +2.0099694641256253E+01	  +5.3145602293204249E+01	
  +4.3882500000000000E+03	  +2.0050715145363256E+01	  +5.3080760466972414E+01	
  +4.3885000000000000E+03	  +2.0001883362025069E+01	  +5.3016328055842337E+01	
  +4.3887500000000000E+03	  +1.9952796194580692E+01	  +5.2951770440018464E+01	
  +4.3890000000000000E+03	  +1.9903454307594657E+01	  +5.2887088399346496E+01	
  +4.3892500000000000E+03	  +1.9853857210317514E+01	  +5.2822281196717029E+01	
  +4.3895000000000000E+03	  +1.9804005279982924E+01	  +5.2757349233469668E+01	
  +4.3897500000000000E+03	  +1.9753898899806739E+01	  +5.2692292913872805E+01	
  +4.3900000000000000E+03	  +1.9703537570066217E+01	  +5.2627111496423908E+01	
  +4.3902500000000000E+03	  +1.9652921672482442E+01	  +5.2561805384659351E+01	
  +4.3905000000000000E+03	  +1.9602051594752471E+01	  +5.2496374985042706E+01	
  +4.3907500000000000E+03	  +1.9550926828189606E+01	  +5.2430819551680663E+01	
  +4.3910000000000000E+03	  +1.9499548061274705E+01	  +5.2365139876130783E+01	
  +4.3912500000000000E+03	  +1.9447914779350295E+01	  +5.2299335209573869E+01	
  +4.3915000000000000E+03	  +1.9396027676865931E+01	  +5.2233406346492856E+01	
  +4.3917500000000000E+03	  +1.9343886233197519E+01	  +5.2167352535143699E+01	
  +4.3920000000000000E+03	  +1.9291490840518637E+01	  +5.2101174184183975E+01	
  +4.3922500000000000E+03	  +1.9241590252651250E+01	  +5.2038327979937378E+01	
  +4.3925000000000000E+03	  +1.9206952354430484E+01	  +5.1994806567250833E+01	
  +4.3927500000000000E+03	  +1.9180711181642039E+01	  +5.1961890730039791E+01	
  +4.3930000000000000E+03	  +1.9152703123094774E+01	  +5.1926810801090454E+01	
  +4.3932500000000000E+03	  +1.9114696984252742E+01	  +5.1879293823700479E+01	
  +4.3935000000000000E+03	  +1.9073032128819939E+01	  +5.1827314544678288E+01	
  +4.3937500000000000E+03	  +1.9030782479196215E+01	  +5.1774723984570564E+01	
  +4.3940000000000000E+03	  +1.8989500040446622E+01	  +5.1723451114299742E+01	
  +4.3942500000000000E+03	  +1.8950568972733979E+01	  +5.1675200526415566E+01	
  +4.3945000000000000E+03	  +1.8913361913074553E+01	  +5.1629178098379917E+01	
  +4.3947500000000000E+03	  +1.8876515808101459E+01	  +5.1583689346751115E+01	
  +4.3950000000000000E+03	  +1.8838721581016465E+01	  +5.1537119348817697E+01	
  +4.3952500000000000E+03	  +1.8798777258061044E+01	  +5.1487997284460064E+01	
  +4.3955000000000000E+03	  +1.8756903363893535E+01	  +5.1436608520254744E+01	
  +4.3957500000000000E+03	  +1.8713961090197603E+01	  +5.1384020315886971E+01	
  +4.3960000000000000E+03	  +1.8670788642142544E+01	  +5.1331263007905477E+01	
  +4.3962500000000000E+03	  +1.8627057107893666E+01	  +5.1277936499328618E+01	
  +4.3965000000000000E+03	  +1.8579474737411729E+01	  +5.1220043124049930E+01	
  +4.3967500000000000E+03	  +1.8535262325328187E+01	  +5.1166368976840346E+01	
  +4.3970000000000000E+03	  +1.8503263718451979E+01	  +5.1127593238569801E+01	
  +4.3972500000000000E+03	  +1.8502797717863078E+01	  +5.1127028977838918E+01	
  +4.3975000000000000E+03	  +1.8583917707047423E+01	  +5.1225443233169145E+01	
  +4.3977500000000000E+03	  +1.8711279501463945E+01	  +5.1380740097903846E+01	
  +4.3980000000000000E+03	  +1.8837675057252653E+01	  +5.1535831101316440E+01	
  +4.3982500000000000E+03	  +1.8927595678016402E+01	  +5.1646773733086917E+01	
  +4.3985000000000000E+03	  +2.0415209505314145E+01	  +5.1750351255829635E+01	
  +4.3987500000000000E+03	  +2.0925345305965688E+01	  +5.4867571316021611E+01	
  +4.3990000000000000E+03	  +2.1764520488105116E+01	  +5.4927211323932980E+01	
  +4.3992500000000000E+03	  +2.2705370627934606E+01	  +5.5304013456132964E+01	
  +4.3995000000000000E+03	  +2.3620547069128335E+01	  +5.5864162896187857E+01	
  +4.3997500000000000E+03	  +2.4523164950384093E+01	  +5.6690958115672657E+01	
  +4.4000000000000000E+03	  +2.5543901865973933E+01	  +5.7701166277566074E+01	
  +4.4002500000000000E+03	  +2.6741722982796592E+01	  +5.8768583376535290E+01	
  +4.4005000000000000E+03	  +2.8172028987150576E+01	  +6.0069194813273555E+01	
  +4.4007500000000000E+03	  +2.9781321524524657E+01	  +6.1313685269509151E+01	
  +4.4010000000000000E+03	  +3.1379596372781041E+01	  +6.2623620352309707E+01	
  +4.4012500000000000E+03	  +3.3076326858174511E+01	  +6.3827311021854165E+01	
  +4.4015000000000000E+03	  +3.4829367706617028E+01	  +6.4987819544988838E+01	
  +4.4017500000000000E+03	  +3.6441646175362550E+01	  +6.6063150231676019E+01	
  +4.4020000000000000E+03	  +3.8272303404717775E+01	  +6.7034734182761582E+01	
  +4.4022500000000000E+03	  +4.0068750085258870E+01	  +6.7896663608850687E+01	
  +4.4025000000000000E+03	  +4.1408575165744011E+01	  +6.8650419960589176E+01	
  +4.4027500000000000E+03	  +4.2833703069167072E+01	  +6.9259906444701329E+01	
  +4.4030000000000000E+03	  +4.3868922272705802E+01	  +6.9566949447358752E+01	
  +4.4032500000000000E+03	  +4.4573358494596761E+01	  +6.9699789095345039E+01	
  +4.4035000000000000E+03	  +4.5041327608397616E+01	  +6.9860788689827956E+01	
  +4.4037500000000000E+03	  +4.5368981790914972E+01	  +7.0301803525942262E+01	
  +4.4040000000000000E+03	  +4.6092425675436807E+01	  +7.1242180460064915E+01	
  +4.4042500000000000E+03	  +4.6239601510171354E+01	  +7.2432944704220489E+01	
  +4.4045000000000000E+03	  +4.6313706939776083E+01	  +7.3462774551424218E+01	
  +4.4047500000000000E+03	  +4.6341526102381920E+01	  +7.3902264969153137E+01	
  +4.4050000000000000E+03	  +4.6317025382952281E+01	  +7.3611933533332518E+01	
  +4.4052500000000000E+03	  +4.6213754709467942E+01	  +7.2954750254255757E+01	
  +4.4055000000000000E+03	  +4.5538697652723698E+01	  +7.2397598719219289E+01	
  +4.4057500000000000E+03	  +4.5243599250409474E+01	  +7.2397546864796340E+01	
  +4.4060000000000000E+03	  +4.4768984677632972E+01	  +7.3109942914567839E+01	
  +4.4062500000000000E+03	  +4.4135725288993072E+01	  +7.4073115276041449E+01	
  +4.4065000000000000E+03	  +4.3373807224164892E+01	  +7.4751570429115816E+01	
  +4.4067500000000000E+03	  +4.2503210726790229E+01	  +7.4489348175361641E+01	
  +4.4070000000000000E+03	  +4.1474482754896428E+01	  +7.3952148249588021E+01	
  +4.4072500000000000E+03	  +4.0272822155319218E+01	  +7.2975025769811225E+01	
  +4.4075000000000000E+03	  +3.8892846704545327E+01	  +7.1595789818140958E+01	
  +4.4077500000000000E+03	  +3.7306530030782710E+01	  +6.9793304693678962E+01	
  +4.4080000000000000E+03	  +3.5448535404347098E+01	  +6.7534844572536130E+01	
  +4.4082500000000000E+03	  +3.3656163675781862E+01	  +6.5082897155947180E+01	
  +4.4085000000000000E+03	  +3.1863693552860564E+01	  +6.3125190333315707E+01	
  +4.4087500000000000E+03	  +2.9955500614531317E+01	  +6.1951753269347648E+01	
  +4.4090000000000000E+03	  +2.8271779078004570E+01	  +6.0811207777584507E+01	
  +4.4092500000000000E+03	  +2.6666693900917089E+01	  +5.9927979147306608E+01	
  +4.4095000000000000E+03	  +2.5189714837251376E+01	  +5.9160697915958060E+01	
  +4.4097500000000000E+03	  +2.4043019676976357E+01	  +5.8448443887599694E+01	
  +4.4100000000000000E+03	  +2.3307888138936264E+01	  +5.7680569248994750E+01	
  +4.4102500000000000E+03	  +2.2916544599192935E+01	  +5.6773474811282703E+01	
  +4.4105000000000000E+03	  +2.2726800711085431E+01	  +5.5831822687758802E+01	
  +4.4107500000000000E+03	  +2.0625101947647931E+01	  +5.5237404075882083E+01	
  +4.4110000000000000E+03	  +2.0579796395921957E+01	  +5.3793346709271226E+01	
  +4.4112500000000000E+03	  +2.0529321434815717E+01	  +5.3724148955528733E+01	
  +4.4115000000000000E+03	  +2.0475640815547170E+01	  +5.3650852424182325E+01	
  +4.4117500000000000E+03	  +2.0418650511462364E+01	  +5.3573364116853469E+01	
  +4.4120000000000000E+03	  +2.0357747761190065E+01	  +5.3490921123186041E+01	
  +4.4122500000000000E+03	  +2.0292869424698704E+01	  +5.3403502304481187E+01	
  +4.4125000000000000E+03	  +2.0226969291310766E+01	  +5.3315125759417725E+01	
  +4.4127500000000000E+03	  +2.0160579588093498E+01	  +5.3226510080442416E+01	
  +4.4130000000000000E+03	  +2.0093699986925074E+01	  +5.3137654575015787E+01	
  +4.4132500000000000E+03	  +2.0026331002837402E+01	  +5.3048559676900510E+01	
  +4.4135000000000000E+03	  +1.9958473159159478E+01	  +5.2959225823917969E+01	
  +4.4137500000000000E+03	  +1.9890126115323852E+01	  +5.2869652317440625E+01	
  +4.4140000000000000E+03	  +1.9821290685385375E+01	  +5.2779839975457733E+01	
  +4.4142500000000000E+03	  +1.9752461887075182E+01	  +5.2690430178057625E+01	
  +4.4145000000000000E+03	  +1.9685984797363261E+01	  +5.2604441304562734E+01	
  +4.4147500000000000E+03	  +1.9620729485403938E+01	  +5.2520375446160770E+01	
  +4.4150000000000000E+03	  +1.9554954754718612E+01	  +5.2435977119142066E+01	
  +4.4152500000000000E+03	  +1.9486452772090654E+01	  +5.2348431534529745E+01	
  +4.4155000000000000E+03	  +1.9413081076862746E+01	  +5.2255052907363705E+01	
  +4.4157500000000000E+03	  +1.9338293486749532E+01	  +5.2160279208899610E+01	
  +4.4160000000000000E+03	  +1.9266324443562553E+01	  +5.2069456998216765E+01	
  +4.4162500000000000E+03	  +1.9201384486360809E+01	  +5.1987818491104854E+01	
  +4.4165000000000000E+03	  +1.9143760167215284E+01	  +5.1915621091200876E+01	
  +4.4167500000000000E+03	  +1.9089180879188621E+01	  +5.1847447209479213E+01	
  +4.4170000000000000E+03	  +1.9033044066669270E+01	  +5.1777536117261008E+01	
  +4.4172500000000000E+03	  +1.8971791298825742E+01	  +5.1701490967077632E+01	
  +4.4175000000000000E+03	  +1.8909264478211597E+01	  +5.1624115293793423E+01	
  +4.4177500000000000E+03	  +1.8846400521081481E+01	  +5.1546574054031986E+01	
  +4.4180000000000000E+03	  +1.8783199563240792E+01	  +5.1468867281743975E+01	
  +4.4182500000000000E+03	  +1.8719661740494921E+01	  +5.1390995010880061E+01	
  +4.4185000000000000E+03	  +1.8655787188649263E+01	  +5.1312957275390936E+01	
  +4.4187500000000000E+03	  +1.8591576043509217E+01	  +5.1234754109227246E+01	
  +4.4190000000000000E+03	  +1.8527028440880180E+01	  +5.1156385546339664E+01	
  +4.4192500000000000E+03	  +1.8462144516567541E+01	  +5.1077851620678871E+01	
  +4.4195000000000000E+03	  +1.8396924406376701E+01	  +5.0999152366195531E+01	
  +4.4197500000000000E+03	  +1.8331368246113051E+01	  +5.0920287816840315E+01	
  +4.4200000000000000E+03	  +1.8265476171581994E+01	  +5.0841258006563891E+01	
  +4.4202500000000000E+03	  +1.8196974347422092E+01	  +5.0759347945559000E+01	
  +4.4205000000000000E+03	  +1.8117270274981415E+01	  +5.0664358138379114E+01	
  +4.4207500000000000E+03	  +1.8037155918383025E+01	  +5.0569214932831031E+01	
  +4.4210000000000000E+03	  +1.7970570092541422E+01	  +5.0490389668264413E+01	
  +4.4212500000000000E+03	  +1.7937887732260780E+01	  +5.0451782225514627E+01	
  +4.4215000000000000E+03	  +1.7973045183209329E+01	  +5.0493315675018479E+01	
  +4.4217500000000000E+03	  +1.8051510079029804E+01	  +5.0586237364938995E+01	
  +4.4220000000000000E+03	  +1.8140696109563219E+01	  +5.0692241773317534E+01	
  +4.4222500000000000E+03	  +1.8214478797345663E+01	  +5.0780254636259656E+01	
  +4.4225000000000000E+03	  +2.0251120534276346E+01	  +5.0866640897036987E+01	
  +4.4227500000000000E+03	  +2.0710046384918716E+01	  +5.3977766394518781E+01	
  +4.4230000000000000E+03	  +2.1423668068569725E+01	  +5.4019313795334035E+01	
  +4.4232500000000000E+03	  +2.2206480762955866E+01	  +5.4387375213963253E+01	
  +4.4235000000000000E+03	  +2.2935376582286363E+01	  +5.4936126062953917E+01	
  +4.4237500000000000E+03	  +2.3696508144276553E+01	  +5.5750494867705754E+01	
  +4.4240000000000000E+03	  +2.4684767797744598E+01	  +5.6752677857869408E+01	
  +4.4242500000000000E+03	  +2.6051276864456579E+01	  +5.7821934594657336E+01	
  +4.4245000000000000E+03	  +2.7737417207883535E+01	  +5.9133690142558962E+01	
  +4.4247500000000000E+03	  +2.9331707301671294E+01	  +6.0390859428470307E+01	
  +4.4250000000000000E+03	  +3.0584267058827038E+01	  +6.1707732580409818E+01	
  +4.4252500000000000E+03	  +3.1745427672014806E+01	  +6.2902103978656100E+01	
  +4.4255000000000000E+03	  +3.2941959223563124E+01	  +6.4046102138616135E+01	
  +4.4257500000000000E+03	  +3.4334267127407642E+01	  +6.5101957851775978E+01	
  +4.4260000000000000E+03	  +3.5953636047095245E+01	  +6.6053831836988593E+01	
  +4.4262500000000000E+03	  +3.7654585359320635E+01	  +6.6897934271101391E+01	
  +4.4265000000000000E+03	  +3.9259265469762994E+01	  +6.7633992250016064E+01	
  +4.4267500000000000E+03	  +4.0293156899276426E+01	  +6.8225742845274738E+01	
  +4.4270000000000000E+03	  +4.1457209929049014E+01	  +6.8515324491446577E+01	
  +4.4272500000000000E+03	  +4.2484405172502662E+01	  +6.8631856604325549E+01	
  +4.4275000000000000E+03	  +4.3414176928869445E+01	  +6.8780903959802700E+01	
  +4.4277500000000000E+03	  +4.4290353548870215E+01	  +6.9214691885944063E+01	
  +4.4280000000000000E+03	  +4.5102607820643357E+01	  +7.0152536716994774E+01	
  +4.4282500000000000E+03	  +4.5767692585627273E+01	  +7.1344786009337582E+01	
  +4.4285000000000000E+03	  +4.6194721321885979E+01	  +7.2377821752204227E+01	
  +4.4287500000000000E+03	  +4.6213221976258588E+01	  +7.2820626897287738E+01	
  +4.4290000000000000E+03	  +4.5451493609790774E+01	  +7.2532498833763341E+01	
  +4.4292500000000000E+03	  +4.4257285645404323E+01	  +7.1875022936277617E+01	
  +4.4295000000000000E+03	  +4.3143518049046037E+01	  +7.1312238356541855E+01	
  +4.4297500000000000E+03	  +4.2623429161590025E+01	  +7.1303099709935907E+01	
  +4.4300000000000000E+03	  +4.2548481305265426E+01	  +7.2005192998864430E+01	
  +4.4302500000000000E+03	  +4.2485662646114093E+01	  +7.2959154500512369E+01	
  +4.4305000000000000E+03	  +4.2106106349069037E+01	  +7.3630162467666025E+01	
  +4.4307500000000000E+03	  +4.0914675369625996E+01	  +7.3360767432943732E+01	
  +4.4310000000000000E+03	  +3.9857740890751998E+01	  +7.2817060368559666E+01	
  +4.4312500000000000E+03	  +3.8870265662377520E+01	  +7.1833337070409385E+01	
  +4.4315000000000000E+03	  +3.7415276966046406E+01	  +7.0448878890242710E+01	
  +4.4317500000000000E+03	  +3.5811142847399452E+01	  +6.8642087746859829E+01	
  +4.4320000000000000E+03	  +3.4166368378140135E+01	  +6.6379491383162005E+01	
  +4.4322500000000000E+03	  +3.2521413321575551E+01	  +6.3922543791581049E+01	
  +4.4325000000000000E+03	  +3.0896719514653064E+01	  +6.1959610616919782E+01	
  +4.4327500000000000E+03	  +2.8953520965175102E+01	  +6.0783108360222300E+01	
  +4.4330000000000000E+03	  +2.7226176140081559E+01	  +5.9643602096923750E+01	
  +4.4332500000000000E+03	  +2.5722782227477172E+01	  +5.8763561715686421E+01	
  +4.4335000000000000E+03	  +2.4448727117806737E+01	  +5.8002207840566953E+01	
  +4.4337500000000000E+03	  +2.3416326615980058E+01	  +5.7294825113078957E+01	
  +4.4340000000000000E+03	  +2.2627647197814380E+01	  +5.6527199051463356E+01	
  +4.4342500000000000E+03	  +2.2097167035719675E+01	  +5.5613647530029908E+01	
  +4.4345000000000000E+03	  +2.1782468088957671E+01	  +5.4662500313458821E+01	
  +4.4347500000000000E+03	  +1.9741680011679158E+01	  +5.4052609258904873E+01	
  +4.4350000000000000E+03	  +1.9689444280418090E+01	  +5.2608907434672091E+01	
  +4.4352500000000000E+03	  +1.9635484244288623E+01	  +5.2539354077601516E+01	
  +4.4355000000000000E+03	  +1.9580145731234630E+01	  +5.2468261209776763E+01	
  +4.4357500000000000E+03	  +1.9524342731349368E+01	  +5.2396810944901958E+01	
  +4.4360000000000000E+03	  +1.9469066194361407E+01	  +5.2326267796513477E+01	
  +4.4362500000000000E+03	  +1.9415468076432116E+01	  +5.2258084522939491E+01	
  +4.4365000000000000E+03	  +1.9364205633877180E+01	  +5.2193070114619182E+01	
  +4.4367500000000000E+03	  +1.9313326808805357E+01	  +5.2128730418609273E+01	
  +4.4370000000000000E+03	  +1.9260561867457323E+01	  +5.2062200715936790E+01	
  +4.4372500000000000E+03	  +1.9204280159036095E+01	  +5.1991452501520961E+01	
  +4.4375000000000000E+03	  +1.9147118597126937E+01	  +5.1919822626387948E+01	
  +4.4377500000000000E+03	  +1.9089663054676979E+01	  +5.1848048606537887E+01	
  +4.4380000000000000E+03	  +1.9031913328992776E+01	  +5.1776130078435955E+01	
  +4.4382500000000000E+03	  +1.8973869686643006E+01	  +5.1704067265057759E+01	
  +4.4385000000000000E+03	  +1.8915532397399794E+01	  +5.1631860390951488E+01	
  +4.4387500000000000E+03	  +1.8856901253764541E+01	  +5.1559509090223443E+01	
  +4.4390000000000000E+03	  +1.8797976685665805E+01	  +5.1487013784759576E+01	
  +4.4392500000000000E+03	  +1.8737632120139757E+01	  +5.1412994546553300E+01	
  +4.4395000000000000E+03	  +1.8672653659491832E+01	  +5.1333539763933388E+01	
  +4.4397500000000000E+03	  +1.8611075818642028E+01	  +5.1258477193298845E+01	
  +4.4400000000000000E+03	  +1.8562638568672178E+01	  +5.1199590466527653E+01	
  +4.4402500000000000E+03	  +1.8533498239162501E+01	  +5.1164229724831529E+01	
  +4.4405000000000000E+03	  +1.8507598538216552E+01	  +5.1132842690260254E+01	
  +4.4407500000000000E+03	  +1.8481645032593566E+01	  +5.1101429199409480E+01	
  +4.4410000000000000E+03	  +1.8455637730985018E+01	  +5.1069989254451997E+01	
  +4.4412500000000000E+03	  +1.8429576642082388E+01	  +5.1038522857560658E+01	
  +4.4415000000000000E+03	  +1.8403461608371938E+01	  +5.1007029810597572E+01	
  +4.4417500000000000E+03	  +1.8377292970613748E+01	  +5.0975510516188841E+01	
  +4.4420000000000000E+03	  +1.8351070404747137E+01	  +5.0943964575717757E+01	
  +4.4422500000000000E+03	  +1.8324160600728895E+01	  +5.0911631496389390E+01	
  +4.4425000000000000E+03	  +1.8293675932326249E+01	  +5.0875051241894411E+01	
  +4.4427500000000000E+03	  +1.8261329625243654E+01	  +5.0836292632615468E+01	
  +4.4430000000000000E+03	  +1.8229592705528582E+01	  +5.0798319366233166E+01	
  +4.4432500000000000E+03	  +1.8200622878837841E+01	  +5.0763704269113873E+01	
  +4.4435000000000000E+03	  +1.8173637104497278E+01	  +5.0731500215792423E+01	
  +4.4437500000000000E+03	  +1.8147558203655095E+01	  +5.0700415154070754E+01	
  +4.4440000000000000E+03	  +1.8121497478670047E+01	  +5.0669387622824956E+01	
  +4.4442500000000000E+03	  +1.8093500837820134E+01	  +5.0636094915277468E+01	
  +4.4445000000000000E+03	  +1.8059123648930573E+01	  +5.0595270523581519E+01	
  +4.4447500000000000E+03	  +1.8023607214077561E+01	  +5.0553157408013028E+01	
  +4.4450000000000000E+03	  +1.7993627166073811E+01	  +5.0517659363685695E+01	
  +4.4452500000000000E+03	  +1.7988183560450420E+01	  +5.0511218752321675E+01	
  +4.4455000000000000E+03	  +1.8065281125485242E+01	  +5.0602578285116465E+01	
  +4.4457500000000000E+03	  +1.8186605619789969E+01	  +5.0746971629145150E+01	
  +4.4460000000000000E+03	  +1.8300022852511102E+01	  +5.0882663066725740E+01	
  +4.4462500000000000E+03	  +1.8366365141764753E+01	  +5.0962359610784887E+01	
  +4.4465000000000000E+03	  +2.0728187861276968E+01	  +5.1029427075818504E+01	
  +4.4467500000000000E+03	  +2.1153533108032427E+01	  +5.4129412433214256E+01	
  +4.4470000000000000E+03	  +2.1606767252032991E+01	  +5.4138695972969757E+01	
  +4.4472500000000000E+03	  +2.2054345749766380E+01	  +5.4480619376330310E+01	
  +4.4475000000000000E+03	  +2.2529560465550645E+01	  +5.5005147272748758E+01	
  +4.4477500000000000E+03	  +2.3219714372088212E+01	  +5.5797315911251118E+01	
  +4.4480000000000000E+03	  +2.4113557147924091E+01	  +5.6781570064286498E+01	
  +4.4482500000000000E+03	  +2.5249561296159492E+01	  +5.7838840556094908E+01	
  +4.4485000000000000E+03	  +2.6722933582452704E+01	  +5.9142730044390582E+01	
  +4.4487500000000000E+03	  +2.8305381849836216E+01	  +6.0398847944991203E+01	
  +4.4490000000000000E+03	  +2.9987578002131759E+01	  +6.1726094647369102E+01	
  +4.4492500000000000E+03	  +3.1846962837229526E+01	  +6.2941122674633149E+01	
  +4.4495000000000000E+03	  +3.3671951890316500E+01	  +6.4114469451462085E+01	
  +4.4497500000000000E+03	  +3.5235026752694893E+01	  +6.5201543991106803E+01	
  +4.4500000000000000E+03	  +3.6309214337672252E+01	  +6.6179739970678753E+01	
  +4.4502500000000000E+03	  +3.7023225717166980E+01	  +6.7039819262222792E+01	
  +4.4505000000000000E+03	  +3.7590535958568132E+01	  +6.7784351197150286E+01	
  +4.4507500000000000E+03	  +3.8206911262483565E+01	  +6.8377032728435381E+01	
  +4.4510000000000000E+03	  +3.8776744864948412E+01	  +6.8658800931281320E+01	
  +4.4512500000000000E+03	  +3.9294704842197220E+01	  +6.8759889410059515E+01	
  +4.4515000000000000E+03	  +3.9801147028373322E+01	  +6.8896387827775399E+01	
  +4.4517500000000000E+03	  +4.0381999457473903E+01	  +6.9321359107221241E+01	
  +4.4520000000000000E+03	  +4.1242111717892911E+01	  +7.0253138396207561E+01	
  +4.4522500000000000E+03	  +4.2122142005434249E+01	  +7.1440528193211222E+01	
  +4.4525000000000000E+03	  +4.2693087360014673E+01	  +7.2470998282450722E+01	
  +4.4527500000000000E+03	  +4.2680239571423670E+01	  +7.2914105842457715E+01	
  +4.4530000000000000E+03	  +4.2243799413863684E+01	  +7.2629925744385446E+01	
  +4.4532500000000000E+03	  +4.1550701068691694E+01	  +7.1979273146904433E+01	
  +4.4535000000000000E+03	  +4.0726431012973947E+01	  +7.1414566203641257E+01	
  +4.4537500000000000E+03	  +3.9877545563404539E+01	  +7.1398059356602602E+01	
  +4.4540000000000000E+03	  +3.8934993163339115E+01	  +7.2092583041383733E+01	
  +4.4542500000000000E+03	  +3.7962492970598746E+01	  +7.3042865266703444E+01	
  +4.4545000000000000E+03	  +3.7009338594641790E+01	  +7.3712257365910574E+01	
  +4.4547500000000000E+03	  +3.6256130509219155E+01	  +7.3439872792851787E+01	
  +4.4550000000000000E+03	  +3.5683544532714023E+01	  +7.2892298868746636E+01	
  +4.4552500000000000E+03	  +3.5210206217385526E+01	  +7.1902437673387794E+01	
  +4.4555000000000000E+03	  +3.4693855006900655E+01	  +7.0512955368517865E+01	
  +4.4557500000000000E+03	  +3.4090172114533914E+01	  +6.8703493824794336E+01	
  +4.4560000000000000E+03	  +3.3497277631158184E+01	  +6.6441293877093074E+01	
  +4.4562500000000000E+03	  +3.2687359397990633E+01	  +6.3989081164821336E+01	
  +4.4565000000000000E+03	  +3.1757951119682893E+01	  +6.2038910952881928E+01	
  +4.4567500000000000E+03	  +3.0038381281190951E+01	  +6.0881741868829302E+01	
  +4.4570000000000000E+03	  +2.8014409161294758E+01	  +5.9764191560791836E+01	
  +4.4572500000000000E+03	  +2.6213109161441469E+01	  +5.8900265446857986E+01	
  +4.4575000000000000E+03	  +2.4880064541437910E+01	  +5.8141816372436473E+01	
  +4.4577500000000000E+03	  +2.3874051673819270E+01	  +5.7431614856910350E+01	
  +4.4580000000000000E+03	  +2.3063951324077358E+01	  +5.6665413645770919E+01	
  +4.4582500000000000E+03	  +2.2425352825888641E+01	  +5.5765619934316106E+01	
  +4.4585000000000000E+03	  +2.1957695828353089E+01	  +5.4830113976167205E+01	
  +4.4587500000000000E+03	  +1.9880167902596863E+01	  +5.4228884553991875E+01	
  +4.4590000000000000E+03	  +1.9839372682666056E+01	  +5.2803393780961507E+01	
  +4.4592500000000000E+03	  +1.9793066411371864E+01	  +5.2743129000347395E+01	
  +4.4595000000000000E+03	  +1.9736235803124124E+01	  +5.2669408666706147E+01	
  +4.4597500000000000E+03	  +1.9676158087910839E+01	  +5.2591760399781080E+01	
  +4.4600000000000000E+03	  +1.9622014007088080E+01	  +5.2522027013254402E+01	
  +4.4602500000000000E+03	  +1.9580452857734020E+01	  +5.2468655116431904E+01	
  +4.4605000000000000E+03	  +1.9541066008225418E+01	  +5.2418198478548959E+01	
  +4.4607500000000000E+03	  +1.9501528694554519E+01	  +5.2367668099140452E+01	
  +4.4610000000000000E+03	  +1.9461840956959957E+01	  +5.2317063988265851E+01	
  +4.4612500000000000E+03	  +1.9422002835680370E+01	  +5.2266386155984620E+01	
  +4.4615000000000000E+03	  +1.9382014370954394E+01	  +5.2215634612356197E+01	
  +4.4617500000000000E+03	  +1.9341875756424535E+01	  +5.2164809561463542E+01	
  +4.4620000000000000E+03	  +1.9301586726094818E+01	  +5.2113910625600219E+01	
  +4.4622500000000000E+03	  +1.9261147473034459E+01	  +5.2062938008568061E+01	
  +4.4625000000000000E+03	  +1.9220558037482103E+01	  +5.2011891720426505E+01	
  +4.4627500000000000E+03	  +1.9179818459676380E+01	  +5.1960771771235024E+01	
  +4.4630000000000000E+03	  +1.9138928779855927E+01	  +5.1909578171053070E+01	
  +4.4632500000000000E+03	  +1.9096620128315308E+01	  +5.1856727605421732E+01	
  +4.4635000000000000E+03	  +1.9047846406507315E+01	  +5.1795950181732593E+01	
  +4.4637500000000000E+03	  +1.8997955363731116E+01	  +5.1733943548925836E+01	
  +4.4640000000000000E+03	  +1.8953963353062370E+01	  +5.1679403562959870E+01	
  +4.4642500000000000E+03	  +1.8922665259145344E+01	  +5.1640677330755906E+01	
  +4.4645000000000000E+03	  +1.8904067402493244E+01	  +5.1617695311033181E+01	
  +4.4647500000000000E+03	  +1.8891622211994498E+01	  +5.1602328677889290E+01	
  +4.4650000000000000E+03	  +1.8878476373446347E+01	  +5.1586107611683545E+01	
  +4.4652500000000000E+03	  +1.8859086553814464E+01	  +5.1562201863620807E+01	
  +4.4655000000000000E+03	  +1.8837562122104636E+01	  +5.1535692084760534E+01	
  +4.4657500000000000E+03	  +1.8815899704208416E+01	  +5.1509041664182632E+01	
  +4.4660000000000000E+03	  +1.8795087964252431E+01	  +5.1483465333411495E+01	
  +4.4662500000000000E+03	  +1.8776167510605855E+01	  +5.1460236566818253E+01	
  +4.4665000000000000E+03	  +1.8759445451714274E+01	  +5.1439725159987191E+01	
  +4.4667500000000000E+03	  +1.8743494906523310E+01	  +5.1420176093866132E+01	
  +4.4670000000000000E+03	  +1.8726727173194867E+01	  +5.1399642245389629E+01	
  +4.4672500000000000E+03	  +1.8707701663304263E+01	  +5.1376364233463164E+01	
  +4.4675000000000000E+03	  +1.8686718592445150E+01	  +5.1350716534897749E+01	
  +4.4677500000000000E+03	  +1.8664795422673578E+01	  +5.1323948081628316E+01	
  +4.4680000000000000E+03	  +1.8642907025001453E+01	  +5.1297250810807441E+01	
  +4.4682500000000000E+03	  +1.8621798744096086E+01	  +5.1271532085069033E+01	
  +4.4685000000000000E+03	  +1.8601340838514275E+01	  +5.1246630985401197E+01	
  +4.4687500000000000E+03	  +1.8583056274479283E+01	  +5.1224396133515555E+01	
  +4.4690000000000000E+03	  +1.8568746525363181E+01	  +5.1207008524788385E+01	
  +4.4692500000000000E+03	  +1.8562997142494769E+01	  +5.1200025890987021E+01	
  +4.4695000000000000E+03	  +1.8578357803634528E+01	  +5.1218685753701564E+01	
  +4.4697500000000000E+03	  +1.8604244314653510E+01	  +5.1250163553912500E+01	
  +4.4700000000000000E+03	  +1.8626688640407192E+01	  +5.1277487671619092E+01	
  +4.4702500000000000E+03	  +1.8635142152065061E+01	  +5.1287786865056837E+01	
  +4.4705000000000000E+03	  +1.9094975783527001E+01	  +5.1294511068033735E+01	
  +4.4707500000000000E+03	  +1.9109901926306232E+01	  +5.4348351465161663E+01	
  +4.4710000000000000E+03	  +1.9097138663879679E+01	  +5.4293354393145762E+01	
  +4.4712500000000000E+03	  +1.9076835039948534E+01	  +5.4582955297766190E+01	
  +4.4715000000000000E+03	  +1.9075403859635031E+01	  +5.5070927393570841E+01	
  +4.4717500000000000E+03	  +1.9118726070358907E+01	  +5.5829884558677179E+01	
  +4.4720000000000000E+03	  +1.9208565818744667E+01	  +5.6770908174189707E+01	
  +4.4722500000000000E+03	  +1.9324438297040626E+01	  +5.7764257901536126E+01	
  +4.4725000000000000E+03	  +1.9443706774345344E+01	  +5.8991571784597326E+01	
  +4.4727500000000000E+03	  +1.9537485072269934E+01	  +6.0163431661268199E+01	
  +4.4730000000000000E+03	  +1.9575677195628366E+01	  +6.1402961650199401E+01	
  +4.4732500000000000E+03	  +1.9600274003575830E+01	  +6.2524595331122192E+01	
  +4.4735000000000000E+03	  +1.9662749327136300E+01	  +6.3597892172802098E+01	
  +4.4737500000000000E+03	  +1.9825850327683323E+01	  +6.4586547878275312E+01	
  +4.4740000000000000E+03	  +2.0899242831498462E+01	  +6.5477883233209155E+01	
  +4.4742500000000000E+03	  +2.2473341397347937E+01	  +6.6273110252879619E+01	
  +4.4745000000000000E+03	  +2.4586612283705122E+01	  +6.6981351968429976E+01	
  +4.4747500000000000E+03	  +2.5993154075356273E+01	  +6.7559861868011822E+01	
  +4.4750000000000000E+03	  +2.7539042316560220E+01	  +6.7841768757740866E+01	
  +4.4752500000000000E+03	  +2.8863324208442826E+01	  +6.7950716097848073E+01	
  +4.4755000000000000E+03	  +2.9414848317812300E+01	  +6.8101727466067828E+01	
  +4.4757500000000000E+03	  +2.8837360116933944E+01	  +6.8542796658694442E+01	
  +4.4760000000000000E+03	  +2.7400180344869959E+01	  +6.9486447239615813E+01	
  +4.4762500000000000E+03	  +2.6617662119605679E+01	  +7.0674692678456069E+01	
  +4.4765000000000000E+03	  +2.5846633160174836E+01	  +7.1689712305096521E+01	
  +4.4767500000000000E+03	  +2.5089527683341021E+01	  +7.2102371490490427E+01	
  +4.4770000000000000E+03	  +2.4377054409725165E+01	  +7.1775088242000038E+01	
  +4.4772500000000000E+03	  +2.4237806046458378E+01	  +7.1075045471427160E+01	
  +4.4775000000000000E+03	  +2.2986506331329746E+01	  +7.0475233526936094E+01	
  +4.4777500000000000E+03	  +2.2803889968565098E+01	  +7.0437468735674543E+01	
  +4.4780000000000000E+03	  +2.3083940431578220E+01	  +7.1120034876660341E+01	
  +4.4782500000000000E+03	  +2.3623534358082491E+01	  +7.2063060119464140E+01	
  +4.4785000000000000E+03	  +2.3896664777992495E+01	  +7.2726506494504179E+01	
  +4.4787500000000000E+03	  +2.4324769962762677E+01	  +7.2449725961777716E+01	
  +4.4790000000000000E+03	  +2.4684443704501913E+01	  +7.1902581692268043E+01	
  +4.4792500000000000E+03	  +2.5024156461804793E+01	  +7.0919702816919141E+01	
  +4.4795000000000000E+03	  +2.5318015467616373E+01	  +6.9545383386708139E+01	
  +4.4797500000000000E+03	  +2.5490914299102808E+01	  +6.7754267564746414E+01	
  +4.4800000000000000E+03	  +2.5327576733730687E+01	  +6.5507932021539560E+01	
  +4.4802500000000000E+03	  +2.4914612169308420E+01	  +6.3064617549940820E+01	
  +4.4805000000000000E+03	  +2.4385399227840512E+01	  +6.1121008513838589E+01	
  +4.4807500000000000E+03	  +2.3801453696192947E+01	  +5.9968269173272617E+01	
  +4.4810000000000000E+03	  +2.2983357838059096E+01	  +5.8851084423072841E+01	
  +4.4812500000000000E+03	  +2.2125163574634133E+01	  +5.7981611806063142E+01	
  +4.4815000000000000E+03	  +2.1454907127639480E+01	  +5.7232702192261584E+01	
  +4.4817500000000000E+03	  +2.1157128245743522E+01	  +5.6544676787582908E+01	
  +4.4820000000000000E+03	  +2.1126800540934781E+01	  +5.5807205335422417E+01	
  +4.4822500000000000E+03	  +2.1185536082667458E+01	  +5.4937710068099534E+01	
  +4.4825000000000000E+03	  +2.1174198865645245E+01	  +5.4032737351197966E+01	
  +4.4827500000000000E+03	  +1.9283407619026825E+01	  +5.3458257702445742E+01	
  +4.4830000000000000E+03	  +1.9271271367479997E+01	  +5.2075688069885551E+01	
  +4.4832500000000000E+03	  +1.9258535884561681E+01	  +5.2059650136814227E+01	
  +4.4835000000000000E+03	  +1.9242536200383057E+01	  +5.2039517706222824E+01	
  +4.4837500000000000E+03	  +1.9224861854158338E+01	  +5.2017298856951832E+01	
  +4.4840000000000000E+03	  +1.9207795368338438E+01	  +5.1995864797573319E+01	
  +4.4842500000000000E+03	  +1.9193537017541569E+01	  +5.1977972990250208E+01	
  +4.4845000000000000E+03	  +1.9182098074394098E+01	  +5.1963629202857533E+01	
  +4.4847500000000000E+03	  +1.9171285560829798E+01	  +5.1950079195981075E+01	
  +4.4850000000000000E+03	  +1.9158801349451693E+01	  +5.1934444222629971E+01	
  +4.4852500000000000E+03	  +1.9143024438797536E+01	  +5.1914700766918955E+01	
  +4.4855000000000000E+03	  +1.9126632486880819E+01	  +5.1894205574148970E+01	
  +4.4857500000000000E+03	  +1.9110216683496905E+01	  +5.1873698794848174E+01	
  +4.4860000000000000E+03	  +1.9093776718112675E+01	  +5.1853180038522360E+01	
  +4.4862500000000000E+03	  +1.9077312749743164E+01	  +5.1832649501328177E+01	
  +4.4865000000000000E+03	  +1.9060824938319019E+01	  +5.1812107379871662E+01	
  +4.4867500000000000E+03	  +1.9044312971933685E+01	  +5.1791553282984495E+01	
  +4.4870000000000000E+03	  +1.9027777168101970E+01	  +5.1770987603347287E+01	
  +4.4872500000000000E+03	  +1.9011929328310558E+01	  +5.1751294462724267E+01	
  +4.4875000000000000E+03	  +1.8999883170941740E+01	  +5.1736336469918498E+01	
  +4.4877500000000000E+03	  +1.8989381125485860E+01	  +5.1723303582855067E+01	
  +4.4880000000000000E+03	  +1.8977311276351365E+01	  +5.1708333958255039E+01	
  +4.4882500000000000E+03	  +1.8961393580078116E+01	  +5.1688606520643098E+01	
  +4.4885000000000000E+03	  +1.8944737840180053E+01	  +5.1667981956764521E+01	
  +4.4887500000000000E+03	  +1.8928057961746251E+01	  +5.1647345421175700E+01	
  +4.4890000000000000E+03	  +1.8911354265494182E+01	  +5.1626697308129629E+01	
  +4.4892500000000000E+03	  +1.8894626435399584E+01	  +5.1606037224436363E+01	
  +4.4895000000000000E+03	  +1.8877874633223200E+01	  +5.1585365367600446E+01	
  +4.4897500000000000E+03	  +1.8861099021640232E+01	  +5.1564681935575521E+01	
  +4.4900000000000000E+03	  +1.8844299283254738E+01	  +5.1543986534497989E+01	
  +4.4902500000000000E+03	  +1.8828199028151783E+01	  +5.1524169441157113E+01	
  +4.4905000000000000E+03	  +1.8815961257519440E+01	  +5.1509117349309015E+01	
  +4.4907500000000000E+03	  +1.8805292497513392E+01	  +5.1496002706420612E+01	
  +4.4910000000000000E+03	  +1.8793031063260312E+01	  +5.1480938989854401E+01	
  +4.4912500000000000E+03	  +1.8776861034391597E+01	  +5.1461087620255967E+01	
  +4.4915000000000000E+03	  +1.8759941661907320E+01	  +5.1440333567768235E+01	
  +4.4917500000000000E+03	  +1.8742998176701160E+01	  +5.1419567549417238E+01	
  +4.4920000000000000E+03	  +1.8726030742590840E+01	  +5.1398789763717886E+01	
  +4.4922500000000000E+03	  +1.8709039362151657E+01	  +5.1378000211313982E+01	
  +4.4925000000000000E+03	  +1.8692024037958912E+01	  +5.1357198892849325E+01	
  +4.4927500000000000E+03	  +1.8674984772587916E+01	  +5.1336385808967762E+01	
  +4.4930000000000000E+03	  +1.8657921731454870E+01	  +5.1315561158969643E+01	
  +4.4932500000000000E+03	  +1.8648759138154567E+01	  +5.1304385829070767E+01	
  +4.4935000000000000E+03	  +1.8684919102369431E+01	  +5.1348518247325771E+01	
  +4.4937500000000000E+03	  +1.8748340339220270E+01	  +5.1426113032204526E+01	
  +4.4940000000000000E+03	  +1.8812125216730649E+01	  +5.1504401055783191E+01	
  +4.4942500000000000E+03	  +1.8855294929171901E+01	  +5.1557529934511777E+01	
  +4.4945000000000000E+03	  +2.0979615742387796E+01	  +5.1605074449970786E+01	
  +4.4947500000000000E+03	  +2.1287422609766750E+01	  +5.4712984690677786E+01	
  +4.4950000000000000E+03	  +2.1574607540434492E+01	  +5.4690439361571727E+01	
  +4.4952500000000000E+03	  +2.1856177761396232E+01	  +5.5018593401460670E+01	
  +4.4955000000000000E+03	  +2.2147640696233154E+01	  +5.5541381133235546E+01	
  +4.4957500000000000E+03	  +2.2502219616308739E+01	  +5.6333689204308406E+01	
  +4.4960000000000000E+03	  +2.3130412832938763E+01	  +5.7312115768374674E+01	
  +4.4962500000000000E+03	  +2.3941488434980268E+01	  +5.8352955333654371E+01	
  +4.4965000000000000E+03	  +2.4824713236181672E+01	  +5.9642255757157336E+01	
  +4.4967500000000000E+03	  +2.5585141833596758E+01	  +6.0883161941185769E+01	
  +4.4970000000000000E+03	  +2.6183263843890796E+01	  +6.2191480857520240E+01	
  +4.4972500000000000E+03	  +2.6637065949879275E+01	  +6.3371868552208269E+01	
  +4.4975000000000000E+03	  +2.6948696896087551E+01	  +6.4502571463308342E+01	
  +4.4977500000000000E+03	  +2.7045972772998240E+01	  +6.5540195613918357E+01	
  +4.4980000000000000E+03	  +2.6627293184344509E+01	  +6.6462284370332995E+01	
  +4.4982500000000000E+03	  +2.5959399288285002E+01	  +6.7258803394313503E+01	
  +4.4985000000000000E+03	  +2.4946108040871469E+01	  +6.7930705309637759E+01	
  +4.4987500000000000E+03	  +2.4780483723007805E+01	  +6.8450987031033151E+01	
  +4.4990000000000000E+03	  +2.5433897018469789E+01	  +6.8670915584987227E+01	
  +4.4992500000000000E+03	  +2.5572431498375259E+01	  +6.8728450857801647E+01	
  +4.4995000000000000E+03	  +2.6310628289468820E+01	  +6.8826663523075439E+01	
  +4.4997500000000000E+03	  +2.7957429995090241E+01	  +6.9216979985724748E+01	
  +4.5000000000000000E+03	  +2.9923953195876344E+01	  +7.0119284370117811E+01	
  +4.5002500000000000E+03	  +3.2748685226690753E+01	  +7.1285985171401819E+01	
  +4.5005000000000000E+03	  +3.4401204639759754E+01	  +7.2320019167938497E+01	
  +4.5007500000000000E+03	  +3.4566583339805319E+01	  +7.2773531342149283E+01	
  +4.5010000000000000E+03	  +3.3262330563967993E+01	  +7.2485308644926405E+01	
  +4.5012500000000000E+03	  +3.0751755252643708E+01	  +7.1804815394312271E+01	
  +4.5015000000000000E+03	  +2.9044216757100891E+01	  +7.1218137759342767E+01	
  +4.5017500000000000E+03	  +2.7641932336085173E+01	  +7.1191554302546749E+01	
  +4.5020000000000000E+03	  +2.7334083477059959E+01	  +7.1883375687363696E+01	
  +4.5022500000000000E+03	  +2.7680542828071069E+01	  +7.2833085728951673E+01	
  +4.5025000000000000E+03	  +2.7330871663530441E+01	  +7.3499822883231587E+01	
  +4.5027500000000000E+03	  +2.6123561711866511E+01	  +7.3219635719542865E+01	
  +4.5030000000000000E+03	  +2.4676606194013768E+01	  +7.2663723578220157E+01	
  +4.5032500000000000E+03	  +2.3058860059695409E+01	  +7.1656982184875844E+01	
  +4.5035000000000000E+03	  +2.1816303240167958E+01	  +7.0210626838186613E+01	
  +4.5037500000000000E+03	  +2.1562173132486123E+01	  +6.8326769146600697E+01	
  +4.5040000000000000E+03	  +2.3054247290297116E+01	  +6.6003823541611268E+01	
  +4.5042500000000000E+03	  +2.4947222567847000E+01	  +6.3529294099125309E+01	
  +4.5045000000000000E+03	  +2.6307654280851615E+01	  +6.1577073064657171E+01	
  +4.5047500000000000E+03	  +2.5981725688324602E+01	  +6.0428913187097066E+01	
  +4.5050000000000000E+03	  +2.5348998630702376E+01	  +5.9323690566772342E+01	
  +4.5052500000000000E+03	  +2.4817747612972298E+01	  +5.8465955574812320E+01	
  +4.5055000000000000E+03	  +2.4265406093699166E+01	  +5.7729941545080138E+01	
  +4.5057500000000000E+03	  +2.3676894039358881E+01	  +5.7052537246836316E+01	
  +4.5060000000000000E+03	  +2.3119060903538937E+01	  +5.6319484304628979E+01	
  +4.5062500000000000E+03	  +2.2595173891509287E+01	  +5.5445723333687582E+01	
  +4.5065000000000000E+03	  +2.2094868057470244E+01	  +5.4528968625694603E+01	
  +4.5067500000000000E+03	  +1.9657525489575139E+01	  +5.3931510623396441E+01	
  +4.5070000000000000E+03	  +1.9630442719159255E+01	  +5.2532867387875292E+01	
  +4.5072500000000000E+03	  +1.9600376020037597E+01	  +5.2494223254915752E+01	
  +4.5075000000000000E+03	  +1.9568037816539928E+01	  +5.2452737935920815E+01	
  +4.5077500000000000E+03	  +1.9535268451349815E+01	  +5.2410781525903303E+01	
  +4.5080000000000000E+03	  +1.9504045578208757E+01	  +5.2370881257456738E+01	
  +4.5082500000000000E+03	  +1.9475749015694372E+01	  +5.2334784122327370E+01	
  +4.5085000000000000E+03	  +1.9447914779350295E+01	  +5.2299335209573869E+01	
  +4.5087500000000000E+03	  +1.9420007165509436E+01	  +5.2263850561534369E+01	
  +4.5090000000000000E+03	  +1.9392025579633437E+01	  +5.2228329408151971E+01	
  +4.5092500000000000E+03	  +1.9363970645470271E+01	  +5.2192772527171698E+01	
  +4.5095000000000000E+03	  +1.9335841918760096E+01	  +5.2157179341027756E+01	
  +4.5097500000000000E+03	  +1.9307639565992055E+01	  +5.2121550046842614E+01	
  +4.5100000000000000E+03	  +1.9279363600968047E+01	  +5.2085884648066674E+01	
  +4.5102500000000000E+03	  +1.9251014192183174E+01	  +5.2050183342806228E+01	
  +4.5105000000000000E+03	  +1.9222591044453889E+01	  +5.2014445745396621E+01	
  +4.5107500000000000E+03	  +1.9194094325874250E+01	  +5.1978672053747417E+01	
  +4.5110000000000000E+03	  +1.9165524050246155E+01	  +5.1942862271309018E+01	
  +4.5112500000000000E+03	  +1.9084229384113321E+01	  +5.1841272320710289E+01	
  +4.5115000000000000E+03	  +1.8714783344132531E+01	  +5.1385026214526285E+01	
  +4.5117500000000000E+03	  +1.8214558909205774E+01	  +5.0780350356731404E+01	
  +4.5120000000000000E+03	  +1.7829603330919234E+01	  +5.0324248300112558E+01	
