 TIME                    	Outlet                   	
  +4.3440000000000000E+03	  +2.0000000000000000E+01	
  +4.3442500000000000E+03	  +1.8779495706241114E+01	
  +4.3445000000000000E+03	  +1.8745789577591754E+01	
  +4.3447500000000000E+03	  +1.8700268186976309E+01	
  +4.3450000000000000E+03	  +1.8654652212774195E+01	
  +4.3452500000000000E+03	  +1.8608941671339235E+01	
  +4.3455000000000000E+03	  +1.8563136579025254E+01	
  +4.3457500000000000E+03	  +1.8517236952186074E+01	
  +4.3460000000000000E+03	  +1.8471242807175521E+01	
  +4.3462500000000000E+03	  +1.8425154160347422E+01	
  +4.3465000000000000E+03	  +1.8378971028055599E+01	
  +4.3467500000000000E+03	  +1.8332693426653876E+01	
  +4.3470000000000000E+03	  +1.8286321372496076E+01	
  +4.3472500000000000E+03	  +1.8239854881936026E+01	
  +4.3475000000000000E+03	  +1.8193293971327545E+01	
  +4.3477500000000000E+03	  +1.8146638657024468E+01	
  +4.3480000000000000E+03	  +1.8099888955380607E+01	
  +4.3482500000000000E+03	  +1.8055761670916805E+01	
  +4.3485000000000000E+03	  +1.8031145912909118E+01	
  +4.3487500000000000E+03	  +1.8030229189926782E+01	
  +4.3490000000000000E+03	  +1.8054479602442871E+01	
  +4.3492500000000000E+03	  +1.8102676671784231E+01	
  +4.3495000000000000E+03	  +1.8159475500700573E+01	
  +4.3497500000000000E+03	  +1.8220946103936040E+01	
  +4.3500000000000000E+03	  +1.8285660694308827E+01	
  +4.3502500000000000E+03	  +1.8352714735419575E+01	
  +4.3505000000000000E+03	  +2.0329932606515165E+01	
  +4.3507500000000000E+03	  +2.0823357490252992E+01	
  +4.3510000000000000E+03	  +2.1460270116659210E+01	
  +4.3512500000000000E+03	  +2.2058825384056000E+01	
  +4.3515000000000000E+03	  +2.2557354394478750E+01	
  +4.3517500000000000E+03	  +2.3145884413618212E+01	
  +4.3520000000000000E+03	  +2.4076423916240888E+01	
  +4.3522500000000000E+03	  +2.5297050334670864E+01	
  +4.3525000000000000E+03	  +2.6782559787904010E+01	
  +4.3527500000000000E+03	  +2.8104797157177064E+01	
  +4.3530000000000000E+03	  +2.9313584731097169E+01	
  +4.3532500000000000E+03	  +3.0507386627639157E+01	
  +4.3535000000000000E+03	  +3.1646054535742408E+01	
  +4.3537500000000000E+03	  +3.2689152528911890E+01	
  +4.3540000000000000E+03	  +3.3622709564998068E+01	
  +4.3542500000000000E+03	  +3.4444182020938278E+01	
  +4.3545000000000000E+03	  +3.5151757639689393E+01	
  +4.3547500000000000E+03	  +3.5708056456933519E+01	
  +4.3550000000000000E+03	  +3.5946798699545219E+01	
  +4.3552500000000000E+03	  +3.6020000713154985E+01	
  +4.3555000000000000E+03	  +3.6143511968270673E+01	
  +4.3557500000000000E+03	  +3.6584116606574483E+01	
  +4.3560000000000000E+03	  +3.7578996221691241E+01	
  +4.3562500000000000E+03	  +3.8782981941326398E+01	
  +4.3565000000000000E+03	  +3.9773126545481233E+01	
  +4.3567500000000000E+03	  +4.0122988095663679E+01	
  +4.3570000000000000E+03	  +3.9730461902832076E+01	
  +4.3572500000000000E+03	  +3.9023915448607241E+01	
  +4.3575000000000000E+03	  +3.8476222555339902E+01	
  +4.3577500000000000E+03	  +3.8550647341115763E+01	
  +4.3580000000000000E+03	  +3.9355933308503907E+01	
  +4.3582500000000000E+03	  +4.0320348582543566E+01	
  +4.3585000000000000E+03	  +4.0586137251922068E+01	
  +4.3587500000000000E+03	  +4.0552333156884231E+01	
  +4.3590000000000000E+03	  +3.9974278986550800E+01	
  +4.3592500000000000E+03	  +3.8951672319841954E+01	
  +4.3595000000000000E+03	  +3.7532460007282111E+01	
  +4.3597500000000000E+03	  +3.5698890067564385E+01	
  +4.3600000000000000E+03	  +3.3434681381430245E+01	
  +4.3602500000000000E+03	  +3.1029465818278780E+01	
  +4.3605000000000000E+03	  +2.9151282722257271E+01	
  +4.3607500000000000E+03	  +2.7887047488129735E+01	
  +4.3610000000000000E+03	  +2.6887764032928796E+01	
  +4.3612500000000000E+03	  +2.6103044117060211E+01	
  +4.3615000000000000E+03	  +2.5405409843270267E+01	
  +4.3617500000000000E+03	  +2.4716014475115063E+01	
  +4.3620000000000000E+03	  +2.3917986686515913E+01	
  +4.3622500000000000E+03	  +2.3068535917751049E+01	
  +4.3625000000000000E+03	  +2.2341329672254563E+01	
  +4.3627500000000000E+03	  +2.0164252151933212E+01	
  +4.3630000000000000E+03	  +2.0121560035260991E+01	
  +4.3632500000000000E+03	  +2.0071631308970613E+01	
  +4.3635000000000000E+03	  +2.0020419905818859E+01	
  +4.3637500000000000E+03	  +1.9969071598868251E+01	
  +4.3640000000000000E+03	  +1.9917586088608108E+01	
  +4.3642500000000000E+03	  +1.9865964057967393E+01	
  +4.3645000000000000E+03	  +1.9814204878795959E+01	
  +4.3647500000000000E+03	  +1.9762309237502631E+01	
  +4.3650000000000000E+03	  +1.9710276502458115E+01	
  +4.3652500000000000E+03	  +1.9658107363549664E+01	
  +4.3655000000000000E+03	  +1.9605801185670273E+01	
  +4.3657500000000000E+03	  +1.9553358662184191E+01	
  +4.3660000000000000E+03	  +1.9500779154508130E+01	
  +4.3662500000000000E+03	  +1.9447507609738796E+01	
  +4.3665000000000000E+03	  +1.9390920975911808E+01	
  +4.3667500000000000E+03	  +1.9332288305825973E+01	
  +4.3670000000000000E+03	  +1.9273535125257251E+01	
  +4.3672500000000000E+03	  +1.9216225300385375E+01	
  +4.3675000000000000E+03	  +1.9159814739712996E+01	
  +4.3677500000000000E+03	  +1.9105348542175612E+01	
  +4.3680000000000000E+03	  +1.9054243888857478E+01	
  +4.3682500000000000E+03	  +1.9009363270559160E+01	
  +4.3685000000000000E+03	  +1.8977074525581589E+01	
  +4.3687500000000000E+03	  +1.8950837409876097E+01	
  +4.3690000000000000E+03	  +1.8922219251386736E+01	
  +4.3692500000000000E+03	  +1.8884375009518259E+01	
  +4.3695000000000000E+03	  +1.8842632910514279E+01	
  +4.3697500000000000E+03	  +1.8800432124262898E+01	
  +4.3700000000000000E+03	  +1.8760042938992974E+01	
  +4.3702500000000000E+03	  +1.8723040706254480E+01	
  +4.3705000000000000E+03	  +1.8686593360035971E+01	
  +4.3707500000000000E+03	  +1.8650085483577374E+01	
  +4.3710000000000000E+03	  +1.8613517085251821E+01	
  +4.3712500000000000E+03	  +1.8576887998627754E+01	
  +4.3715000000000000E+03	  +1.8540198581399199E+01	
  +4.3717500000000000E+03	  +1.8503448667423129E+01	
  +4.3720000000000000E+03	  +1.8466638265072682E+01	
  +4.3722500000000000E+03	  +1.8429767206762570E+01	
  +4.3725000000000000E+03	  +1.8392835500000931E+01	
  +4.3727500000000000E+03	  +1.8355843505366227E+01	
  +4.3730000000000000E+03	  +1.8318791408919893E+01	
  +4.3732500000000000E+03	  +1.8294523804678384E+01	
  +4.3735000000000000E+03	  +1.8344950972654484E+01	
  +4.3737500000000000E+03	  +1.8443959056916924E+01	
  +4.3740000000000000E+03	  +1.8551077441105555E+01	
  +4.3742500000000000E+03	  +1.8632542680993179E+01	
  +4.3745000000000000E+03	  +2.0773451897975601E+01	
  +4.3747500000000000E+03	  +2.1026107330548104E+01	
  +4.3750000000000000E+03	  +2.1445946083891823E+01	
  +4.3752500000000000E+03	  +2.2089468857057000E+01	
  +4.3755000000000000E+03	  +2.2988001310002840E+01	
  +4.3757500000000000E+03	  +2.4161068823615224E+01	
  +4.3760000000000000E+03	  +2.5624934339149952E+01	
  +4.3762500000000000E+03	  +2.7390745922646090E+01	
  +4.3765000000000000E+03	  +2.9518948122092397E+01	
  +4.3767500000000000E+03	  +3.1697859244607244E+01	
  +4.3770000000000000E+03	  +3.3471571044523834E+01	
  +4.3772500000000000E+03	  +3.5102278017520561E+01	
  +4.3775000000000000E+03	  +3.6604063665199384E+01	
  +4.3777500000000000E+03	  +3.8002865090081222E+01	
  +4.3780000000000000E+03	  +3.9283260951899415E+01	
  +4.3782500000000000E+03	  +4.0426172624970881E+01	
  +4.3785000000000000E+03	  +4.1412708261563438E+01	
  +4.3787500000000000E+03	  +4.2228968994782420E+01	
  +4.3790000000000000E+03	  +4.3333855595667558E+01	
  +4.3792500000000000E+03	  +4.3934117527002378E+01	
  +4.3795000000000000E+03	  +4.4433476891839724E+01	
  +4.3797500000000000E+03	  +4.4862594145222573E+01	
  +4.3800000000000000E+03	  +4.5242206047890079E+01	
  +4.3802500000000000E+03	  +4.5545302085214928E+01	
  +4.3805000000000000E+03	  +4.5736153602121483E+01	
  +4.3807500000000000E+03	  +4.5786569914743168E+01	
  +4.3810000000000000E+03	  +4.5686176348901014E+01	
  +4.3812500000000000E+03	  +4.5351492403649502E+01	
  +4.3815000000000000E+03	  +4.4690939895602042E+01	
  +4.3817500000000000E+03	  +4.3670349933283816E+01	
  +4.3820000000000000E+03	  +4.2535033335385613E+01	
  +4.3822500000000000E+03	  +4.1345468574589212E+01	
  +4.3825000000000000E+03	  +4.0453396282228525E+01	
  +4.3827500000000000E+03	  +3.9199456005429973E+01	
  +4.3830000000000000E+03	  +3.7952284867168373E+01	
  +4.3832500000000000E+03	  +3.6699420001080270E+01	
  +4.3835000000000000E+03	  +3.5424060731362999E+01	
  +4.3837500000000000E+03	  +3.4117047215130683E+01	
  +4.3840000000000000E+03	  +3.2806454993293386E+01	
  +4.3842500000000000E+03	  +3.1507673634429096E+01	
  +4.3845000000000000E+03	  +3.0232385696697598E+01	
  +4.3847500000000000E+03	  +2.8786153831974392E+01	
  +4.3850000000000000E+03	  +2.7528329405787272E+01	
  +4.3852500000000000E+03	  +2.6448217091971621E+01	
  +4.3855000000000000E+03	  +2.5527335814776990E+01	
  +4.3857500000000000E+03	  +2.4725311314620285E+01	
  +4.3860000000000000E+03	  +2.4014227619729589E+01	
  +4.3862500000000000E+03	  +2.3447410972254584E+01	
  +4.3865000000000000E+03	  +2.3009225989700340E+01	
  +4.3867500000000000E+03	  +2.0427795391463402E+01	
  +4.3870000000000000E+03	  +2.0364428068191916E+01	
  +4.3872500000000000E+03	  +2.0304099553609543E+01	
  +4.3875000000000000E+03	  +2.0243673524431305E+01	
  +4.3877500000000000E+03	  +2.0183625838921301E+01	
  +4.3880000000000000E+03	  +2.0125290181276551E+01	
  +4.3882500000000000E+03	  +2.0069500098698640E+01	
  +4.3885000000000000E+03	  +2.0014008772262450E+01	
  +4.3887500000000000E+03	  +1.9958356451385772E+01	
  +4.3890000000000000E+03	  +1.9902543825217005E+01	
  +4.3892500000000000E+03	  +1.9846570274580902E+01	
  +4.3895000000000000E+03	  +1.9790436162488081E+01	
  +4.3897500000000000E+03	  +1.9734141855718342E+01	
  +4.3900000000000000E+03	  +1.9677686729442669E+01	
  +4.3902500000000000E+03	  +1.9621071149498885E+01	
  +4.3905000000000000E+03	  +1.9564295485491453E+01	
  +4.3907500000000000E+03	  +1.9507359106941394E+01	
  +4.3910000000000000E+03	  +1.9450262718068743E+01	
  +4.3912500000000000E+03	  +1.9393005684629987E+01	
  +4.3915000000000000E+03	  +1.9335588714608846E+01	
  +4.3917500000000000E+03	  +1.9278011169998969E+01	
  +4.3920000000000000E+03	  +1.9220273423227582E+01	
  +4.3922500000000000E+03	  +1.9165395256127074E+01	
  +4.3925000000000000E+03	  +1.9127364741889000E+01	
  +4.3927500000000000E+03	  +1.9098587121626746E+01	
  +4.3930000000000000E+03	  +1.9067903663148805E+01	
  +4.3932500000000000E+03	  +1.9026319197941412E+01	
  +4.3935000000000000E+03	  +1.8980799811522335E+01	
  +4.3937500000000000E+03	  +1.8934713631254287E+01	
  +4.3940000000000000E+03	  +1.8889751823746955E+01	
  +4.3942500000000000E+03	  +1.8847413051118341E+01	
  +4.3945000000000000E+03	  +1.8807004929223989E+01	
  +4.3947500000000000E+03	  +1.8767041962128236E+01	
  +4.3950000000000000E+03	  +1.8726105072867490E+01	
  +4.3952500000000000E+03	  +1.8682898585697917E+01	
  +4.3955000000000000E+03	  +1.8637669669578688E+01	
  +4.3957500000000000E+03	  +1.8591354840199529E+01	
  +4.3960000000000000E+03	  +1.8544860475025764E+01	
  +4.3962500000000000E+03	  +1.8497833470399730E+01	
  +4.3965000000000000E+03	  +1.8446743956903116E+01	
  +4.3967500000000000E+03	  +1.8399345293270155E+01	
  +4.3970000000000000E+03	  +1.8365083760860987E+01	
  +4.3972500000000000E+03	  +1.8364585070704337E+01	
  +4.3975000000000000E+03	  +1.8451510965421708E+01	
  +4.3977500000000000E+03	  +1.8588464916804561E+01	
  +4.3980000000000000E+03	  +1.8724972307324947E+01	
  +4.3982500000000000E+03	  +1.8822456879999752E+01	
  +4.3985000000000000E+03	  +2.0317269525753900E+01	
  +4.3987500000000000E+03	  +2.0834627323653390E+01	
  +4.3990000000000000E+03	  +2.1680547472867438E+01	
  +4.3992500000000000E+03	  +2.2627278547455248E+01	
  +4.3995000000000000E+03	  +2.3547686329085742E+01	
  +4.3997500000000000E+03	  +2.4455313991834142E+01	
  +4.4000000000000000E+03	  +2.5481224955906889E+01	
  +4.4002500000000000E+03	  +2.6684674438686606E+01	
  +4.4005000000000000E+03	  +2.8120630078542092E+01	
  +4.4007500000000000E+03	  +2.9735671483501140E+01	
  +4.4010000000000000E+03	  +3.1340079335911042E+01	
  +4.4012500000000000E+03	  +3.3043423934346201E+01	
  +4.4015000000000000E+03	  +3.4803374513710722E+01	
  +4.4017500000000000E+03	  +3.6422872111936215E+01	
  +4.4020000000000000E+03	  +3.8260710861072894E+01	
  +4.4022500000000000E+03	  +4.0064441828487766E+01	
  +4.4025000000000000E+03	  +4.1412240438720445E+01	
  +4.4027500000000000E+03	  +4.2845422759775083E+01	
  +4.4030000000000000E+03	  +4.3889015458917697E+01	
  +4.4032500000000000E+03	  +4.4601843950279338E+01	
  +4.4035000000000000E+03	  +4.5077747113819328E+01	
  +4.4037500000000000E+03	  +4.5412856196954152E+01	
  +4.4040000000000000E+03	  +4.6142767244170443E+01	
  +4.4042500000000000E+03	  +4.6296754804140768E+01	
  +4.4045000000000000E+03	  +4.6377425879317798E+01	
  +4.4047500000000000E+03	  +4.6411510895603307E+01	
  +4.4050000000000000E+03	  +4.6392971991846451E+01	
  +4.4052500000000000E+03	  +4.6295399651959329E+01	
  +4.4055000000000000E+03	  +4.5626573662864459E+01	
  +4.4057500000000000E+03	  +4.5336879688756781E+01	
  +4.4060000000000000E+03	  +4.4867642420361641E+01	
  +4.4062500000000000E+03	  +4.4239675828496104E+01	
  +4.4065000000000000E+03	  +4.3482783926507103E+01	
  +4.4067500000000000E+03	  +4.2616958144440737E+01	
  +4.4070000000000000E+03	  +4.1592898150932029E+01	
  +4.4072500000000000E+03	  +4.0395840585811143E+01	
  +4.4075000000000000E+03	  +3.9020064117924093E+01	
  +4.4077500000000000E+03	  +3.7437507309007771E+01	
  +4.4080000000000000E+03	  +3.5582918898229508E+01	
  +4.4082500000000000E+03	  +3.3793007003077577E+01	
  +4.4085000000000000E+03	  +3.2001980638046518E+01	
  +4.4087500000000000E+03	  +3.0094353690521888E+01	
  +4.4090000000000000E+03	  +2.8409762314491473E+01	
  +4.4092500000000000E+03	  +2.6802665933252118E+01	
  +4.4095000000000000E+03	  +2.5322851887430488E+01	
  +4.4097500000000000E+03	  +2.4172269425455333E+01	
  +4.4100000000000000E+03	  +2.3432110085738355E+01	
  +4.4102500000000000E+03	  +2.3034790234954833E+01	
  +4.4105000000000000E+03	  +2.2838564310542374E+01	
  +4.4107500000000000E+03	  +2.0732620926640472E+01	
  +4.4110000000000000E+03	  +2.0679570924118163E+01	
  +4.4112500000000000E+03	  +2.0620627041202958E+01	
  +4.4115000000000000E+03	  +2.0558120334744142E+01	
  +4.4117500000000000E+03	  +2.0491959604124943E+01	
  +4.4120000000000000E+03	  +2.0421479666993744E+01	
  +4.4122500000000000E+03	  +2.0346646710685903E+01	
  +4.4125000000000000E+03	  +2.0270890968968612E+01	
  +4.4127500000000000E+03	  +2.0194827201526632E+01	
  +4.4130000000000000E+03	  +2.0118454858933429E+01	
  +4.4132500000000000E+03	  +2.0041774358312683E+01	
  +4.4135000000000000E+03	  +1.9964786122012626E+01	
  +4.4137500000000000E+03	  +1.9887489592769882E+01	
  +4.4140000000000000E+03	  +1.9809885521209250E+01	
  +4.4142500000000000E+03	  +1.9732529226230234E+01	
  +4.4145000000000000E+03	  +1.9658039279263281E+01	
  +4.4147500000000000E+03	  +1.9585127375023006E+01	
  +4.4150000000000000E+03	  +1.9511840458164599E+01	
  +4.4152500000000000E+03	  +1.9435729606819475E+01	
  +4.4155000000000000E+03	  +1.9354446253927005E+01	
  +4.4157500000000000E+03	  +1.9271842460834577E+01	
  +4.4160000000000000E+03	  +1.9192583317314806E+01	
  +4.4162500000000000E+03	  +1.9121256266281769E+01	
  +4.4165000000000000E+03	  +1.9058113336285853E+01	
  +4.4167500000000000E+03	  +1.8998434102699786E+01	
  +4.4170000000000000E+03	  +1.8937178759419446E+01	
  +4.4172500000000000E+03	  +1.8870485571651816E+01	
  +4.4175000000000000E+03	  +1.8802558282778275E+01	
  +4.4177500000000000E+03	  +1.8734418098043491E+01	
  +4.4180000000000000E+03	  +1.8666065072641622E+01	
  +4.4182500000000000E+03	  +1.8597499261766824E+01	
  +4.4185000000000000E+03	  +1.8528720720613254E+01	
  +4.4187500000000000E+03	  +1.8459729504375069E+01	
  +4.4190000000000000E+03	  +1.8390525668246429E+01	
  +4.4192500000000000E+03	  +1.8321109267421484E+01	
  +4.4195000000000000E+03	  +1.8251480357094398E+01	
  +4.4197500000000000E+03	  +1.8181638992459323E+01	
  +4.4200000000000000E+03	  +1.8111585228710421E+01	
  +4.4202500000000000E+03	  +1.8038909041547399E+01	
  +4.4205000000000000E+03	  +1.7954539898587822E+01	
  +4.4207500000000000E+03	  +1.7869940792615360E+01	
  +4.4210000000000000E+03	  +1.7799780702156522E+01	
  +4.4212500000000000E+03	  +1.7765394155855880E+01	
  +4.4215000000000000E+03	  +1.7802386192821686E+01	
  +4.4217500000000000E+03	  +1.7885083595991862E+01	
  +4.4220000000000000E+03	  +1.7979315634021287E+01	
  +4.4222500000000000E+03	  +1.8057465560934297E+01	
  +4.4225000000000000E+03	  +2.0099415750922152E+01	
  +4.4227500000000000E+03	  +2.0563003033781889E+01	
  +4.4230000000000000E+03	  +2.1281302405955284E+01	
  +4.4232500000000000E+03	  +2.2068429885836363E+01	
  +4.4235000000000000E+03	  +2.2800880726480035E+01	
  +4.4237500000000000E+03	  +2.3565336381108615E+01	
  +4.4240000000000000E+03	  +2.4557371398390277E+01	
  +4.4242500000000000E+03	  +2.5928685657623475E+01	
  +4.4245000000000000E+03	  +2.7620306542376074E+01	
  +4.4247500000000000E+03	  +2.9220262963039342E+01	
  +4.4250000000000000E+03	  +3.0478302227518611E+01	
  +4.4252500000000000E+03	  +3.1644461936636205E+01	
  +4.4255000000000000E+03	  +3.2845807241810107E+01	
  +4.4257500000000000E+03	  +3.4242879603459059E+01	
  +4.4260000000000000E+03	  +3.5867035619388176E+01	
  +4.4262500000000000E+03	  +3.7572910578866882E+01	
  +4.4265000000000000E+03	  +3.9182723577662237E+01	
  +4.4267500000000000E+03	  +4.0221999757727147E+01	
  +4.4270000000000000E+03	  +4.1391342672058514E+01	
  +4.4272500000000000E+03	  +4.2423667191399872E+01	
  +4.4275000000000000E+03	  +4.3358331018694457E+01	
  +4.4277500000000000E+03	  +4.4239233642221151E+01	
  +4.4280000000000000E+03	  +4.5056159840851599E+01	
  +4.4282500000000000E+03	  +4.5725997159788058E+01	
  +4.4285000000000000E+03	  +4.6157793508008950E+01	
  +4.4287500000000000E+03	  +4.6181105369833375E+01	
  +4.4290000000000000E+03	  +4.5424442104328008E+01	
  +4.4292500000000000E+03	  +4.4235220813258607E+01	
  +4.4295000000000000E+03	  +4.3125761312925796E+01	
  +4.4297500000000000E+03	  +4.2608979439850501E+01	
  +4.4300000000000000E+03	  +4.2536582187736698E+01	
  +4.4302500000000000E+03	  +4.2476053876262512E+01	
  +4.4305000000000000E+03	  +4.2098829953294256E+01	
  +4.4307500000000000E+03	  +4.0910197956809242E+01	
  +4.4310000000000000E+03	  +3.9855728203737527E+01	
  +4.4312500000000000E+03	  +3.8870412553137164E+01	
  +4.4315000000000000E+03	  +3.7417634603838991E+01	
  +4.4317500000000000E+03	  +3.5815414793133499E+01	
  +4.4320000000000000E+03	  +3.4172099992209382E+01	
  +4.4322500000000000E+03	  +3.2528015302649465E+01	
  +4.4325000000000000E+03	  +3.0903385930270431E+01	
  +4.4327500000000000E+03	  +2.8959833999120768E+01	
  +4.4330000000000000E+03	  +2.7231397965824925E+01	
  +4.4332500000000000E+03	  +2.5726353189715173E+01	
  +4.4335000000000000E+03	  +2.4450198087362196E+01	
  +4.4337500000000000E+03	  +2.3414930994871973E+01	
  +4.4340000000000000E+03	  +2.2622273067316950E+01	
  +4.4342500000000000E+03	  +2.2086522891867695E+01	
  +4.4345000000000000E+03	  +2.1766050827422927E+01	
  +4.4347500000000000E+03	  +1.9720432968170179E+01	
  +4.4350000000000000E+03	  +1.9661910415421818E+01	
  +4.4352500000000000E+03	  +1.9601595452585968E+01	
  +4.4355000000000000E+03	  +1.9539884417987068E+01	
  +4.4357500000000000E+03	  +1.9477801373988541E+01	
  +4.4360000000000000E+03	  +1.9416446159927307E+01	
  +4.4362500000000000E+03	  +1.9357086820343593E+01	
  +4.4365000000000000E+03	  +1.9300434714521096E+01	
  +4.4367500000000000E+03	  +1.9244321306160426E+01	
  +4.4370000000000000E+03	  +1.9186246697988437E+01	
  +4.4372500000000000E+03	  +1.9124432928684499E+01	
  +4.4375000000000000E+03	  +1.9061789597751861E+01	
  +4.4377500000000000E+03	  +1.8998960797604770E+01	
  +4.4380000000000000E+03	  +1.8935946230727815E+01	
  +4.4382500000000000E+03	  +1.8872746112938316E+01	
  +4.4385000000000000E+03	  +1.8809360662075935E+01	
  +4.4387500000000000E+03	  +1.8745789577591754E+01	
  +4.4390000000000000E+03	  +1.8682033250795083E+01	
  +4.4392500000000000E+03	  +1.8616876440885779E+01	
  +4.4395000000000000E+03	  +1.8546867583067787E+01	
  +4.4397500000000000E+03	  +1.8480665172051545E+01	
  +4.4400000000000000E+03	  +1.8428686268251212E+01	
  +4.4402500000000000E+03	  +1.8397455512454904E+01	
  +4.4405000000000000E+03	  +1.8369723029495333E+01	
  +4.4407500000000000E+03	  +1.8341956539006656E+01	
  +4.4410000000000000E+03	  +1.8314156044521262E+01	
  +4.4412500000000000E+03	  +1.8286321549571557E+01	
  +4.4415000000000000E+03	  +1.8258452880398316E+01	
  +4.4417500000000000E+03	  +1.8230550394901066E+01	
  +4.4420000000000000E+03	  +1.8202613741812897E+01	
  +4.4422500000000000E+03	  +1.8173969055785275E+01	
  +4.4425000000000000E+03	  +1.8141548359458373E+01	
  +4.4427500000000000E+03	  +1.8107181614523380E+01	
  +4.4430000000000000E+03	  +1.8073495908902014E+01	
  +4.4432500000000000E+03	  +1.8042776037057962E+01	
  +4.4435000000000000E+03	  +1.8014184653725344E+01	
  +4.4437500000000000E+03	  +1.7986576483355790E+01	
  +4.4440000000000000E+03	  +1.7959009394602173E+01	
  +4.4442500000000000E+03	  +1.7929418662853806E+01	
  +4.4445000000000000E+03	  +1.7893118095844269E+01	
  +4.4447500000000000E+03	  +1.7855653620561355E+01	
  +4.4450000000000000E+03	  +1.7824059870261426E+01	
  +4.4452500000000000E+03	  +1.7818326253579592E+01	
  +4.4455000000000000E+03	  +1.7899617334404081E+01	
  +4.4457500000000000E+03	  +1.8027921825113207E+01	
  +4.4460000000000000E+03	  +1.8148295804153662E+01	
  +4.4462500000000000E+03	  +1.8218905417852930E+01	
  +4.4465000000000000E+03	  +2.0585218658520187E+01	
  +4.4467500000000000E+03	  +2.1014206582295241E+01	
  +4.4470000000000000E+03	  +2.1470882456731257E+01	
  +4.4472500000000000E+03	  +2.1921476107395097E+01	
  +4.4475000000000000E+03	  +2.2398877107238242E+01	
  +4.4477500000000000E+03	  +2.3091083846895646E+01	
  +4.4480000000000000E+03	  +2.3987658731633289E+01	
  +4.4482500000000000E+03	  +2.5127765966103706E+01	
  +4.4485000000000000E+03	  +2.6606167776126792E+01	
  +4.4487500000000000E+03	  +2.8194228656871175E+01	
  +4.4490000000000000E+03	  +2.9882414778848869E+01	
  +4.4492500000000000E+03	  +3.1748007508882576E+01	
  +4.4495000000000000E+03	  +3.3579565324830014E+01	
  +4.4497500000000000E+03	  +3.5149376281314332E+01	
  +4.4500000000000000E+03	  +3.6230236741314016E+01	
  +4.4502500000000000E+03	  +3.6950619547949664E+01	
  +4.4505000000000000E+03	  +3.7524165750594989E+01	
  +4.4507500000000000E+03	  +3.8146404160396557E+01	
  +4.4510000000000000E+03	  +3.8721491048528151E+01	
  +4.4512500000000000E+03	  +3.9243959744338113E+01	
  +4.4515000000000000E+03	  +3.9754830773486042E+01	
  +4.4517500000000000E+03	  +4.0340114947312898E+01	
  +4.4520000000000000E+03	  +4.1204526546861885E+01	
  +4.4522500000000000E+03	  +4.2088863538074392E+01	
  +4.4525000000000000E+03	  +4.2664349308608337E+01	
  +4.4527500000000000E+03	  +4.2656510469743992E+01	
  +4.4530000000000000E+03	  +4.2225489116213694E+01	
  +4.4532500000000000E+03	  +4.1537878055674867E+01	
  +4.4535000000000000E+03	  +4.0717755828660813E+01	
  +4.4537500000000000E+03	  +3.9871868550287914E+01	
  +4.4540000000000000E+03	  +3.8931817515263425E+01	
  +4.4542500000000000E+03	  +3.7961836727652489E+01	
  +4.4545000000000000E+03	  +3.7011176395351370E+01	
  +4.4547500000000000E+03	  +3.6260115470062154E+01	
  +4.4550000000000000E+03	  +3.5689203032420046E+01	
  +4.4552500000000000E+03	  +3.5217040987702802E+01	
  +4.4555000000000000E+03	  +3.4701710141636966E+01	
  +4.4557500000000000E+03	  +3.4099019613700669E+01	
  +4.4560000000000000E+03	  +3.3507049765547094E+01	
  +4.4562500000000000E+03	  +3.2698244551885338E+01	
  +4.4565000000000000E+03	  +3.1770011959205164E+01	
  +4.4567500000000000E+03	  +3.0052122008012127E+01	
  +4.4570000000000000E+03	  +2.8029703502774669E+01	
  +4.4572500000000000E+03	  +2.6228986032624739E+01	
  +4.4575000000000000E+03	  +2.4894431511872789E+01	
  +4.4577500000000000E+03	  +2.3885380039862024E+01	
  +4.4580000000000000E+03	  +2.3071481577192674E+01	
  +4.4582500000000000E+03	  +2.2428918488961649E+01	
  +4.4585000000000000E+03	  +2.1957045586136310E+01	
  +4.4587500000000000E+03	  +1.9876247775620751E+01	
  +4.4590000000000000E+03	  +1.9830247415765903E+01	
  +4.4592500000000000E+03	  +1.9778135652995925E+01	
  +4.4595000000000000E+03	  +1.9714327260197010E+01	
  +4.4597500000000000E+03	  +1.9647046435070319E+01	
  +4.4600000000000000E+03	  +1.9586560642080190E+01	
  +4.4602500000000000E+03	  +1.9540226511693298E+01	
  +4.4605000000000000E+03	  +1.9496391445170072E+01	
  +4.4607500000000000E+03	  +1.9452461503962120E+01	
  +4.4610000000000000E+03	  +1.9408436704423259E+01	
  +4.4612500000000000E+03	  +1.9364317062907315E+01	
  +4.4615000000000000E+03	  +1.9320102595768116E+01	
  +4.4617500000000000E+03	  +1.9275793488566773E+01	
  +4.4620000000000000E+03	  +1.9231389419604106E+01	
  +4.4622500000000000E+03	  +1.9186890574079595E+01	
  +4.4625000000000000E+03	  +1.9142296968347058E+01	
  +4.4627500000000000E+03	  +1.9097608618760326E+01	
  +4.4630000000000000E+03	  +1.9052825541673219E+01	
  +4.4632500000000000E+03	  +1.9006561278104442E+01	
  +4.4635000000000000E+03	  +1.8953318382424730E+01	
  +4.4637500000000000E+03	  +1.8898955199631516E+01	
  +4.4640000000000000E+03	  +1.8851102165581533E+01	
  +4.4642500000000000E+03	  +1.8817103599760671E+01	
  +4.4645000000000000E+03	  +1.8796919216204582E+01	
  +4.4647500000000000E+03	  +1.8783419874168278E+01	
  +4.4650000000000000E+03	  +1.8769167050706649E+01	
  +4.4652500000000000E+03	  +1.8748156619670251E+01	
  +4.4655000000000000E+03	  +1.8724850067933449E+01	
  +4.4657500000000000E+03	  +1.8701411963440140E+01	
  +4.4660000000000000E+03	  +1.8678911046822019E+01	
  +4.4662500000000000E+03	  +1.8658469115209364E+01	
  +4.4665000000000000E+03	  +1.8640413558737968E+01	
  +4.4667500000000000E+03	  +1.8623200787449697E+01	
  +4.4670000000000000E+03	  +1.8605116378001302E+01	
  +4.4672500000000000E+03	  +1.8584609527299818E+01	
  +4.4675000000000000E+03	  +1.8562008187405048E+01	
  +4.4677500000000000E+03	  +1.8538411508727812E+01	
  +4.4680000000000000E+03	  +1.8514869758539312E+01	
  +4.4682500000000000E+03	  +1.8492183524638058E+01	
  +4.4685000000000000E+03	  +1.8470211636275799E+01	
  +4.4687500000000000E+03	  +1.8450586650897801E+01	
  +4.4690000000000000E+03	  +1.8435236209913725E+01	
  +4.4692500000000000E+03	  +1.8429070752570041E+01	
  +4.4695000000000000E+03	  +1.8445545672787603E+01	
  +4.4697500000000000E+03	  +1.8473329066405327E+01	
  +4.4700000000000000E+03	  +1.8497437531174324E+01	
  +4.4702500000000000E+03	  +1.8506522545443705E+01	
  +4.4705000000000000E+03	  +1.8966855453192228E+01	
  +4.4707500000000000E+03	  +1.8982134471082762E+01	
  +4.4710000000000000E+03	  +1.8969608050079401E+01	
  +4.4712500000000000E+03	  +1.8949384837330133E+01	
  +4.4715000000000000E+03	  +1.8947922156227111E+01	
  +4.4717500000000000E+03	  +1.8991196078481572E+01	
  +4.4720000000000000E+03	  +1.9081061006283935E+01	
  +4.4722500000000000E+03	  +1.9197108307032941E+01	
  +4.4725000000000000E+03	  +1.9316676585247386E+01	
  +4.4727500000000000E+03	  +1.9410821731666402E+01	
  +4.4730000000000000E+03	  +1.9449393964796030E+01	
  +4.4732500000000000E+03	  +1.9474325761476063E+01	
  +4.4735000000000000E+03	  +1.9537076599956642E+01	
  +4.4737500000000000E+03	  +1.9700664393417089E+01	
  +4.4740000000000000E+03	  +2.0775170637905937E+01	
  +4.4742500000000000E+03	  +2.2351318729210277E+01	
  +4.4745000000000000E+03	  +2.4468122836625508E+01	
  +4.4747500000000000E+03	  +2.5879031153617863E+01	
  +4.4750000000000000E+03	  +2.7429569128056688E+01	
  +4.4752500000000000E+03	  +2.8758280963431211E+01	
  +4.4755000000000000E+03	  +2.9314590170093979E+01	
  +4.4757500000000000E+03	  +2.8742170660043229E+01	
  +4.4760000000000000E+03	  +2.7310034988215143E+01	
  +4.4762500000000000E+03	  +2.6531856763631566E+01	
  +4.4765000000000000E+03	  +2.5764127012337287E+01	
  +4.4767500000000000E+03	  +2.5009341819238564E+01	
  +4.4770000000000000E+03	  +2.4298337627118883E+01	
  +4.4772500000000000E+03	  +2.4159762062618093E+01	
  +4.4775000000000000E+03	  +2.2909125210937756E+01	
  +4.4777500000000000E+03	  +2.2726829150169543E+01	
  +4.4780000000000000E+03	  +2.3007190763405415E+01	
  +4.4782500000000000E+03	  +2.3547271044155355E+01	
  +4.4785000000000000E+03	  +2.3821028164271794E+01	
  +4.4787500000000000E+03	  +2.4249777433355860E+01	
  +4.4790000000000000E+03	  +2.4610203713024688E+01	
  +4.4792500000000000E+03	  +2.4950868238329409E+01	
  +4.4795000000000000E+03	  +2.5246201835973586E+01	
  +4.4797500000000000E+03	  +2.5420848964028902E+01	
  +4.4800000000000000E+03	  +2.5259241162329523E+01	
  +4.4802500000000000E+03	  +2.4847682413430846E+01	
  +4.4805000000000000E+03	  +2.4319691748148784E+01	
  +4.4807500000000000E+03	  +2.3736543327609812E+01	
  +4.4810000000000000E+03	  +2.2918568116186783E+01	
  +4.4812500000000000E+03	  +2.2059590946887351E+01	
  +4.4815000000000000E+03	  +2.1388332057520447E+01	
  +4.4817500000000000E+03	  +2.1089423532733779E+01	
  +4.4820000000000000E+03	  +2.1057882151829382E+01	
  +4.4822500000000000E+03	  +2.1115381577745410E+01	
  +4.4825000000000000E+03	  +2.1102835209184647E+01	
  +4.4827500000000000E+03	  +1.9211376632793133E+01	
  +4.4830000000000000E+03	  +1.9198024169869047E+01	
  +4.4832500000000000E+03	  +1.9184019233629254E+01	
  +4.4835000000000000E+03	  +1.9166434570155307E+01	
  +4.4837500000000000E+03	  +1.9147022035665739E+01	
  +4.4840000000000000E+03	  +1.9128289721566883E+01	
  +4.4842500000000000E+03	  +1.9112649072321066E+01	
  +4.4845000000000000E+03	  +1.9100107345984998E+01	
  +4.4847500000000000E+03	  +1.9088257484537053E+01	
  +4.4850000000000000E+03	  +1.9074581620650424E+01	
  +4.4852500000000000E+03	  +1.9057308043261997E+01	
  +4.4855000000000000E+03	  +1.9039372012231070E+01	
  +4.4857500000000000E+03	  +1.9021420999353506E+01	
  +4.4860000000000000E+03	  +1.9003454663285602E+01	
  +4.4862500000000000E+03	  +1.8985473176196933E+01	
  +4.4865000000000000E+03	  +1.8967476710835051E+01	
  +4.4867500000000000E+03	  +1.8949464924989297E+01	
  +4.4870000000000000E+03	  +1.8931438163252551E+01	
  +4.4872500000000000E+03	  +1.8914171705795276E+01	
  +4.4875000000000000E+03	  +1.8901053960858956E+01	
  +4.4877500000000000E+03	  +1.8889622408521380E+01	
  +4.4880000000000000E+03	  +1.8876489705579861E+01	
  +4.4882500000000000E+03	  +1.8859179143616711E+01	
  +4.4885000000000000E+03	  +1.8841076659186751E+01	
  +4.4887500000000000E+03	  +1.8822958860588368E+01	
  +4.4890000000000000E+03	  +1.8804826094436468E+01	
  +4.4892500000000000E+03	  +1.8786678015920650E+01	
  +4.4895000000000000E+03	  +1.8768514798943905E+01	
  +4.4897500000000000E+03	  +1.8750336617986697E+01	
  +4.4900000000000000E+03	  +1.8732143127372403E+01	
  +4.4902500000000000E+03	  +1.8714717281020164E+01	
  +4.4905000000000000E+03	  +1.8701478537043407E+01	
  +4.4907500000000000E+03	  +1.8689941778180184E+01	
  +4.4910000000000000E+03	  +1.8676688087674307E+01	
  +4.4912500000000000E+03	  +1.8659218170482987E+01	
  +4.4915000000000000E+03	  +1.8640949188318739E+01	
  +4.4917500000000000E+03	  +1.8622664901911335E+01	
  +4.4920000000000000E+03	  +1.8604365486462871E+01	
  +4.4922500000000000E+03	  +1.8586050943020005E+01	
  +4.4925000000000000E+03	  +1.8567721272629395E+01	
  +4.4927500000000000E+03	  +1.8549376476337692E+01	
  +4.4930000000000000E+03	  +1.8531016730356860E+01	
  +4.4932500000000000E+03	  +1.8521162207130089E+01	
  +4.4935000000000000E+03	  +1.8560070669660892E+01	
  +4.4937500000000000E+03	  +1.8628428653304390E+01	
  +4.4940000000000000E+03	  +1.8697329903234177E+01	
  +4.4942500000000000E+03	  +1.8744049778738120E+01	
  +4.4945000000000000E+03	  +2.0871611450465611E+01	
  +4.4947500000000000E+03	  +2.1182583397351188E+01	
  +4.4950000000000000E+03	  +2.1472881682894702E+01	
  +4.4952500000000000E+03	  +2.1757382828527902E+01	
  +4.4955000000000000E+03	  +2.2051202617365178E+01	
  +4.4957500000000000E+03	  +2.2407959467939126E+01	
  +4.4960000000000000E+03	  +2.3038653416619340E+01	
  +4.4962500000000000E+03	  +2.3853123719794549E+01	
  +4.4965000000000000E+03	  +2.4740911036855053E+01	
  +4.4967500000000000E+03	  +2.5506522586858654E+01	
  +4.4970000000000000E+03	  +2.6109777517797291E+01	
  +4.4972500000000000E+03	  +2.6568123191314655E+01	
  +4.4975000000000000E+03	  +2.6884224274768300E+01	
  +4.4977500000000000E+03	  +2.6985718986709031E+01	
  +4.4980000000000000E+03	  +2.6570740588525801E+01	
  +4.4982500000000000E+03	  +2.5905537312278518E+01	
  +4.4985000000000000E+03	  +2.4894055178177219E+01	
  +4.4987500000000000E+03	  +2.4729387719171221E+01	
  +4.4990000000000000E+03	  +2.5383509439722161E+01	
  +4.4992500000000000E+03	  +2.5523602969953139E+01	
  +4.4995000000000000E+03	  +2.6263333851041065E+01	
  +4.4997500000000000E+03	  +2.7911407254726210E+01	
  +4.5000000000000000E+03	  +2.9879244987541462E+01	
  +4.5002500000000000E+03	  +3.2705396061421567E+01	
  +4.5005000000000000E+03	  +3.4361895630373176E+01	
  +4.5007500000000000E+03	  +3.4532858469444463E+01	
  +4.5010000000000000E+03	  +3.3234241768977661E+01	
  +4.5012500000000000E+03	  +3.0727869782024367E+01	
  +4.5015000000000000E+03	  +2.9023133826071899E+01	
  +4.5017500000000000E+03	  +2.7623059583094644E+01	
  +4.5020000000000000E+03	  +2.7316447151249008E+01	
  +4.5022500000000000E+03	  +2.7663612849892690E+01	
  +4.5025000000000000E+03	  +2.7314965584240490E+01	
  +4.5027500000000000E+03	  +2.6109024867480866E+01	
  +4.5030000000000000E+03	  +2.4663268348286895E+01	
  +4.5032500000000000E+03	  +2.3045783856779646E+01	
  +4.5035000000000000E+03	  +2.1799438327835926E+01	
  +4.5037500000000000E+03	  +2.1539375762345053E+01	
  +4.5040000000000000E+03	  +2.3025996885396825E+01	
  +4.5042500000000000E+03	  +2.4917108516408291E+01	
  +4.5045000000000000E+03	  +2.6277656092148021E+01	
  +4.5047500000000000E+03	  +2.5953308430128281E+01	
  +4.5050000000000000E+03	  +2.5322029466190287E+01	
  +4.5052500000000000E+03	  +2.4791280356288610E+01	
  +4.5055000000000000E+03	  +2.4239322235947199E+01	
  +4.5057500000000000E+03	  +2.3650942573727193E+01	
  +4.5060000000000000E+03	  +2.3092591195825303E+01	
  +4.5062500000000000E+03	  +2.2567263579516986E+01	
  +4.5065000000000000E+03	  +2.2064925037994520E+01	
  +4.5067500000000000E+03	  +1.9626215547315887E+01	
  +4.5070000000000000E+03	  +1.9595967337206940E+01	
  +4.5072500000000000E+03	  +1.9562427487087497E+01	
  +4.5075000000000000E+03	  +1.9526401517138421E+01	
  +4.5077500000000000E+03	  +1.9489945245672825E+01	
  +4.5080000000000000E+03	  +1.9455255864601320E+01	
  +4.5082500000000000E+03	  +1.9423856442166755E+01	
  +4.5085000000000000E+03	  +1.9393005684629987E+01	
  +4.5087500000000000E+03	  +1.9362108793725412E+01	
  +4.5090000000000000E+03	  +1.9331165101560746E+01	
  +4.5092500000000000E+03	  +1.9300175288259879E+01	
  +4.5095000000000000E+03	  +1.9269138853166488E+01	
  +4.5097500000000000E+03	  +1.9238055970645192E+01	
  +4.5100000000000000E+03	  +1.9206926646305369E+01	
  +4.5102500000000000E+03	  +1.9175751055777141E+01	
  +4.5105000000000000E+03	  +1.9144528864881412E+01	
  +4.5107500000000000E+03	  +1.9113260248995267E+01	
  +4.5110000000000000E+03	  +1.9081945213728083E+01	
  +4.5112500000000000E+03	  +1.8993025983892757E+01	
  +4.5115000000000000E+03	  +1.8592241028907939E+01	
  +4.5117500000000000E+03	  +1.8057550510727975E+01	
  +4.5120000000000000E+03	  +1.7651695739643902E+01	
